/*--------------------------------*- C++ -*----------------------------------*\
  =========                 |
  \\      /  F ield         | OpenFOAM: The Open Source CFD Toolbox
   \\    /   O peration     | Website:  https://openfoam.org
    \\  /    A nd           | Version:  11
     \\/     M anipulation  |
\*---------------------------------------------------------------------------*/
FoamFile
{
    format      ascii;
    class       faceSet;
    location    "constant/polyMesh/sets";
    object      nonOrthoFaces;
}
// * * * * * * * * * * * * * * * * * * * * * * * * * * * * * * * * * * * * * //


1228
(
163853 
32795 
32846 
1540179 
295006 
491724 
1868023 
852291 
1245517 
721312 
426530 
426531 
524839 
1638952 
524857 
1933883 
426579 
426580 
1639037 
98967 
1016487 
1016507 
1639143 
1639188 
1049379 
1671988 
590663 
656216 
983897 
2130990 
1541173 
1377398 
1377399 
1377400 
197773 
361689 
361690 
2131174 
1377524 
1377525 
1541368 
460044 
1377589 
1377590 
2065798 
1410459 
1050074 
165343 
296448 
2164235 
1564 
2131492 
2131493 
1672762 
853584 
1967731 
591497 
2164383 
919262 
1967957 
1836892 
34659 
1181555 
2131851 
2131892 
1978 
1181777 
755799 
755800 
591976 
1411225 
2132189 
1739039 
1739040 
428320 
2132263 
1444148 
1739065 
1739066 
1739080 
2132325 
231803 
1640831 
1870275 
625186 
1870380 
1378928 
690802 
1378952 
461469 
461474 
625379 
363236 
1051406 
494400 
232321 
232322 
1706887 
986081 
1903697 
1903732 
855188 
2133162 
2133163 
2034947 
888124 
3388 
1412487 
396683 
888228 
1084893 
3576 
2133567 
2133570 
1642052 
1642053 
1674884 
102020 
691946 
659182 
659185 
757515 
855867 
2133820 
855868 
2133821 
855904 
266104 
1150841 
2133926 
2133939 
2133959 
954367 
1478662 
954376 
954377 
954396 
692269 
1151050 
561268 
856184 
1675436 
1675437 
102580 
1544436 
2068745 
1970461 
889118 
889119 
2134408 
2134409 
1642937 
1642988 
1643110 
1151596 
299733 
299736 
37689 
37690 
1807180 
463704 
201564 
693199 
2167766 
889867 
889868 
1578017 
169049 
70759 
496753 
660733 
660735 
1053973 
1676566 
1709449 
660925 
366032 
2135538 
2135555 
660996 
2135560 
1283595 
2135615 
2004565 
1611354 
71303 
1906323 
2135734 
2135794 
2135800 
2135805 
2135847 
890677 
2135865 
2135917 
595830 
1054587 
1939397 
2136010 
1939419 
2136061 
104496 
2136114 
792650 
1120360 
2136179 
1939597 
202908 
2136261 
203007 
629027 
629030 
629036 
629037 
399671 
629059 
203133 
629124 
629125 
596369 
596370 
825755 
629151 
170419 
1939892 
891336 
891351 
1513977 
1350192 
858700 
1350237 
891574 
957148 
531178 
2005752 
826119 
2136864 
564051 
891762 
2136970 
2136980 
2038702 
662466 
891908 
891909 
2137098 
2137099 
924711 
924712 
236653 
1088656 
2137256 
990385 
1252532 
1940684 
171240 
1940713 
2137343 
1121596 
1940908 
2137536 
1842627 
1056244 
925204 
204388 
1121893 
1121962 
2137796 
204512 
1711939 
1711940 
2138003 
2138138 
1089602 
204883 
467048 
467049 
1056901 
565428 
1253590 
1712347 
270559 
1253635 
2138423 
2138462 
1089901 
1089902 
106863 
1810836 
565803 
1909304 
696916 
1319562 
2138777 
107179 
1778354 
1974984 
2171608 
74473 
2171663 
2138948 
2171745 
467813 
369591 
238528 
828368 
1876955 
2139133 
2139182 
1549360 
2073674 
1025137 
2139250 
1221819 
2139341 
2139355 
2172127 
2139360 
566521 
1451262 
2139409 
2139412 
1025422 
2139543 
2041260 
337335 
2139586 
1189373 
2139654 
2139674 
2139726 
1779285 
1779311 
271986 
1779319 
501488 
501489 
2139908 
599825 
2139922 
468788 
2074421 
10062 
1615776 
1288108 
2140124 
632813 
665621 
698439 
1812582 
764030 
2140297 
2140303 
1321128 
1485008 
207064 
1911008 
2140425 
1714449 
141598 
1878367 
1878376 
764264 
1878377 
764265 
764276 
764312 
2075106 
1878553 
43613 
1059435 
2108104 
2108124 
633567 
633569 
961273 
2140940 
2075420 
1420171 
633748 
11173 
2141109 
2173885 
2173886 
2173887 
2141151 
2042864 
2042865 
2042866 
1911813 
633886 
240684 
764975 
240692 
2141259 
535639 
142436 
1354863 
1715319 
2141315 
437458 
77024 
404737 
1912090 
1912091 
732447 
2141473 
2043172 
2043173 
2141487 
2141488 
2141490 
1912114 
1256770 
2141515 
2141531 
2141532 
2141535 
503142 
2141558 
2141562 
2141577 
2141578 
2141580 
2141581 
1715601 
1093010 
2043291 
2141599 
568744 
175547 
2141692 
77315 
1650180 
2141704 
2141705 
2141706 
2141707 
2141708 
2141709 
2141710 
2141711 
2141712 
2141713 
2141714 
2141724 
2141732 
2141733 
2141734 
142886 
2141736 
2141737 
2141739 
2141740 
2141741 
2141742 
2141743 
11850 
142944 
142945 
1584752 
2174581 
667302 
667303 
667304 
437995 
274187 
1158956 
667442 
667443 
1748792 
2076514 
1027989 
274349 
1781701 
962537 
274409 
274410 
274411 
2076751 
1290348 
1061047 
1061048 
995554 
110837 
110838 
1061129 
635218 
12690 
1126820 
1159612 
1159613 
12735 
2142659 
12747 
1782231 
1782232 
1749477 
1683942 
2109940 
1684134 
275136 
1782489 
701161 
1782531 
1782532 
1782579 
1782580 
2175887 
865207 
865208 
1061828 
1422313 
1061948 
406591 
1225827 
144497 
767101 
865437 
865438 
865439 
1684684 
1750323 
505170 
898401 
898403 
898426 
865665 
701856 
898482 
865723 
407036 
767491 
13909 
1259106 
505503 
1095365 
1095366 
1488632 
1259283 
1259287 
1685299 
407350 
2078521 
1161072 
1849208 
472961 
243594 
767899 
473036 
2144231 
636942 
636943 
1489003 
407706 
1456305 
1456336 
473324 
637189 
1128711 
1849608 
964944 
1947986 
1817013 
1817038 
2144725 
637404 
637441 
604739 
1948235 
2144851 
2144874 
342688 
604913 
736069 
2014067 
506747 
1883012 
113586 
1194939 
48060 
1784806 
277529 
1784919 
605273 
605274 
179292 
1883248 
343158 
1784963 
1752203 
1752204 
1752211 
507044 
1522948 
605453 
605472 
605473 
1686825 
245039 
1686833 
572727 
1555849 
507308 
15797 
2113027 
376343 
376352 
2145839 
572976 
1228389 
573033 
179822 
1228456 
966318 
1064649 
409306 
409319 
573176 
573178 
16125 
2146090 
573236 
1064767 
835412 
868197 
1818562 
1818667 
966707 
933958 
1720456 
1818792 
999604 
999605 
1360058 
409786 
409864 
409866 
704894 
704926 
1819105 
1819106 
2114153 
1720965 
1000149 
1721054 
1721076 
967421 
967422 
2147074 
49924 
1950559 
639867 
967556 
967557 
50067 
639896 
639897 
639904 
902054 
574399 
574400 
639966 
639967 
508908 
541711 
509009 
1492068 
902248 
1197171 
1197172 
902301 
902367 
574760 
1590578 
1983844 
2082151 
1099147 
2147726 
706006 
411153 
1754774 
1754775 
149164 
50908 
149260 
706359 
247613 
51050 
1099694 
1099695 
1099702 
1099720 
1099722 
280531 
1001432 
772064 
1689582 
1329135 
1099782 
706572 
1099793 
1001515 
968785 
1788160 
543000 
1788196 
1591594 
1788215 
149846 
149847 
412052 
412053 
412054 
1460648 
1493422 
1493423 
1886663 
1788384 
1788385 
150002 
346619 
1821239 
412215 
1788485 
1788486 
1788487 
2116190 
2116191 
903786 
150157 
150158 
1886932 
1886933 
150257 
707339 
1231703 
707434 
707435 
1002352 
412608 
183283 
1461286 
969799 
1461326 
543942 
2117006 
1101199 
150958 
150959 
1101275 
2117103 
511476 
1625591 
2117117 
118276 
2117131 
1101324 
1101343 
1101368 
1199673 
118345 
609902 
2117280 
413404 
2117438 
249664 
2150241 
2150244 
2150245 
1724350 
1494995 
1494996 
1494997 
20495 
20509 
1495083 
20528 
20530 
806982 
2019409 
807041 
807042 
643208 
1757321 
807057 
2150555 
2150556 
1953954 
2150576 
741553 
250058 
479447 
1757407 
1757449 
643337 
479525 
217412 
1593678 
774481 
1593712 
1626507 
1593772 
1626571 
1004031 
2118257 
2151035 
1004161 
2085523 
185079 
2118441 
1037206 
2118616 
480258 
1725458 
1725460 
1987625 
218173 
1430596 
480378 
1791108 
1791143 
1791144 
185543 
1791185 
1037571 
480536 
283932 
415010 
415011 
87354 
480595 
1758549 
2118999 
2119104 
2053571 
480717 
480736 
284129 
284130 
2119204 
2119207 
1988149 
2119236 
1857181 
1562297 
1824457 
480970 
874210 
874238 
874239 
841505 
317217 
546606 
251706 
546640 
907189 
907190 
219120 
219121 
219122 
907280 
907292 
1005660 
2087125 
219387 
219388 
252200 
252201 
2152776 
22911 
1825234 
252497 
252498 
252499 
1661535 
318058 
187042 
1825454 
187065 
1661627 
1661628 
1825568 
1825569 
973602 
973643 
1104716 
416591 
154460 
154463 
154476 
416640 
1825695 
1825696 
2153380 
2055102 
416719 
1367000 
1858591 
1694792 
2153558 
1236061 
1694816 
253042 
1662095 
1105147 
1105148 
1989957 
1006936 
1039726 
1039729 
1039730 
1039738 
220538 
1039739 
220539 
1039785 
581046 
581048 
449992 
1891818 
1891840 
1105485 
1466019 
2088665 
1761035 
2154254 
253714 
122705 
1597266 
483242 
417780 
417781 
417782 
1925132 
2121775 
450619 
1302625 
286831 
1925249 
1892499 
417939 
123054 
1597618 
1925314 
188612 
188613 
286928 
2089191 
2023655 
123163 
1728846 
2122085 
1827188 
57727 
975266 
2023855 
385458 
385459 
1466805 
385465 
287166 
385502 
418353 
1368724 
1663643 
1663658 
1794783 
582374 
1762025 
1073912 
2122490 
582609 
91089 
91091 
713696 
1401837 
1631227 
1139708 
1631253 
1631265 
1139757 
320592 
2122879 
320705 
1991977 
1991978 
1991980 
1729867 
451988 
451989 
845206 
845207 
1205690 
386537 
386542 
550458 
288330 
714369 
714370 
583329 
517887 
1632004 
2123558 
1599279 
1632053 
1697669 
845701 
124856 
1697726 
1370049 
1370059 
1173473 
2091010 
583753 
1370228 
1370284 
2124027 
649477 
223529 
2124151 
125326 
1010066 
1141197 
1141200 
1141269 
584223 
1829410 
322130 
223873 
2124422 
2124423 
2124428 
223890 
1108642 
846550 
1731321 
584467 
27443 
1731425 
2124682 
1272727 
1665964 
420786 
1043461 
683030 
847038 
224496 
1797364 
1109295 
1338835 
2125333 
2158170 
1175168 
1830642 
1830675 
814890 
847686 
2092881 
847698 
552787 
2092890 
1797991 
421768 
258020 
258021 
258022 
421903 
421904 
1241126 
553025 
454721 
553026 
1208419 
356464 
258184 
1634478 
749812 
979346 
553422 
2126309 
1110535 
1896981 
1602096 
1110578 
2159165 
1700456 
1700457 
1569395 
225914 
29325 
389776 
1307289 
1602208 
553637 
1897139 
783067 
2126585 
914174 
914175 
914194 
914195 
160537 
389934 
2093877 
1602371 
160604 
160606 
1110918 
1045406 
1012684 
783309 
783310 
357332 
357334 
1012740 
1897483 
1012749 
1897511 
1143865 
2094140 
2094158 
423026 
1209488 
521420 
947419 
1668370 
947478 
390427 
2127147 
849201 
357755 
488829 
554374 
521625 
1865119 
161251 
456326 
784043 
1603270 
2160502 
685945 
1701886 
1701887 
948225 
686087 
2127925 
1243227 
1701994 
1701995 
1636485 
1341579 
1702028 
1013921 
2128040 
1177810 
1177811 
1439961 
522529 
883000 
883010 
1571228 
162242 
1964495 
162262 
2128365 
1636850 
588305 
2095636 
1636909 
1571405 
1309265 
358999 
64157 
162479 
2161329 
2063029 
1702587 
293572 
1637075 
1637114 
1637127 
293641 
228112 
1702681 
64344 
64346 
293775 
949218 
2129029 
2129056 
916714 
1637615 
64763 
1637680 
163172 
163173 
1801630 
1801650 
1801685 
1801686 
294365 
130541 
2162174 
2129485 
294549 
1834719 
1638146 
392977 
261909 
130849 
130850 
130851 
1670958 
1834807 
1212239 
2129773 
1671048 
294808 
32693 
131036 
1638371 
1114083 
360425 
1212395 
589804 
589806 
1540093 
)

// ************************************************************************* //
