/*--------------------------------*- C++ -*----------------------------------*\
  =========                 |
  \\      /  F ield         | OpenFOAM: The Open Source CFD Toolbox
   \\    /   O peration     | Website:  https://openfoam.org
    \\  /    A nd           | Version:  11
     \\/     M anipulation  |
\*---------------------------------------------------------------------------*/
FoamFile
{
    format      ascii;
    class       cellSet;
    location    "constant/polyMesh/sets";
    object      region3;
}
// * * * * * * * * * * * * * * * * * * * * * * * * * * * * * * * * * * * * * //


1225
(
507912 
1097793 
1065032 
1097810 
1081428 
98412 
442477 
1065093 
786565 
1081492 
1081503 
229541 
98483 
98487 
49349 
98506 
49370 
49374 
98527 
49402 
1163723 
1163724 
1163726 
1081828 
1081857 
1098248 
82469 
1131048 
1131049 
1098290 
1081963 
1032828 
1016457 
82593 
1098410 
1098420 
82629 
741 
1098486 
1082125 
1032974 
1164071 
1164072 
1098543 
1098588 
230274 
525213 
1098658 
213938 
443329 
1098720 
1098726 
1049577 
967674 
1082372 
410718 
738413 
115824 
738450 
1016992 
1098927 
1049781 
738492 
738496 
1098950 
738502 
738508 
1033421 
787669 
787679 
787686 
787691 
1066243 
1099033 
1099038 
1099043 
1099044 
1099056 
705857 
1082706 
1082712 
263534 
263539 
263541 
1033595 
705918 
705937 
705940 
673198 
1082799 
263599 
1082803 
1082809 
951759 
673244 
673254 
1099248 
1082869 
1082875 
116235 
1148435 
116245 
1066546 
230964 
1148475 
1148482 
804425 
1099338 
804427 
1148502 
394847 
394850 
804469 
1148552 
1148568 
1148569 
1083058 
509625 
1083087 
952068 
149261 
739096 
149277 
1099555 
1099557 
149285 
739112 
968494 
1099626 
1083248 
870276 
870290 
870305 
477098 
673707 
673716 
247761 
1099735 
1099755 
247787 
247790 
870391 
444414 
444415 
673794 
444436 
673817 
1083418 
231455 
444449 
673834 
231476 
231481 
231483 
231494 
1099861 
297065 
1083498 
870510 
1083512 
231563 
1067210 
1100025 
313627 
313672 
313677 
1100119 
313702 
1083790 
1051023 
919952 
18856 
1100225 
18889 
166361 
1083876 
969191 
1100273 
166425 
559673 
592449 
559701 
1165917 
1165918 
1165919 
215664 
166512 
1100402 
1149561 
1149579 
166541 
1100454 
1100462 
1084091 
1084131 
887538 
1100555 
887599 
265015 
854862 
887636 
805718 
265047 
265052 
887654 
1100649 
887659 
559980 
887664 
117620 
265084 
560003 
887695 
265104 
1084312 
805789 
576416 
576420 
560040 
1084334 
576438 
887746 
969671 
805832 
576458 
805836 
216029 
1035237 
805866 
1100781 
871427 
887812 
887816 
838668 
85023 
511035 
1100861 
216129 
1100872 
691282 
511067 
511076 
347236 
396392 
1035436 
216238 
396470 
1084603 
216266 
216267 
19672 
19695 
527613 
19711 
19743 
118050 
19762 
19773 
1101138 
1068442 
560570 
1068488 
380418 
380426 
921103 
1117713 
1084980 
773690 
1085007 
36434 
331371 
1101443 
380555 
36511 
1101501 
1085141 
1085150 
3836 
1085198 
1036048 
233253 
1068847 
446306 
446326 
970630 
446348 
446361 
1036202 
298931 
446394 
1085403 
1101807 
102383 
495617 
1101826 
102412 
1101838 
495647 
495656 
1069100 
1085498 
495683 
495687 
495714 
1085619 
1020146 
1020148 
299260 
1085717 
1085718 
53528 
758046 
1085730 
299303 
1020232 
1102165 
1085789 
1036647 
233851 
233862 
1085847 
233893 
233896 
233920 
971247 
1069557 
1020411 
463373 
463375 
463381 
70184 
1020460 
463405 
70192 
1102390 
1036858 
234046 
528970 
954961 
463441 
741971 
528994 
1069669 
1069707 
1069724 
529053 
529055 
1086125 
529069 
1102510 
1036980 
1069758 
1069784 
578268 
529117 
1102560 
250655 
250664 
594729 
250666 
594736 
1086271 
971617 
594808 
594810 
119680 
1037200 
594832 
1037219 
1102771 
1086431 
1070099 
726046 
676908 
906292 
5180 
1020993 
1102924 
21605 
1086615 
1103024 
1070268 
38084 
1021129 
38089 
120017 
38101 
38104 
38112 
840941 
38130 
988407 
1103103 
120064 
988430 
660776 
1103180 
1103182 
1103189 
1103201 
988580 
1070503 
775615 
1103327 
1005110 
1103417 
661088 
1070710 
22194 
22224 
22239 
1087200 
22247 
22253 
1087232 
22275 
1005318 
1070875 
890655 
743225 
726864 
1087321 
1070950 
1103748 
677779 
579508 
6075 
6105 
6128 
940022 
6137 
1103866 
1071115 
907278 
1071148 
235604 
1103965 
432234 
677995 
694393 
1071231 
1071251 
1087646 
121005 
350402 
350429 
1087711 
350441 
350475 
1136931 
1136932 
792877 
792886 
1005881 
792906 
792910 
792944 
481704 
481729 
1055178 
1153497 
1153498 
1087968 
481774 
1055219 
481811 
481827 
23111 
23113 
23120 
858713 
203368 
481900 
1022577 
481913 
481919 
596614 
203400 
203404 
481934 
203411 
481952 
481955 
481981 
629442 
481994 
1104587 
482000 
1039063 
1022686 
482025 
482037 
482038 
727813 
1088288 
793382 
826164 
1088311 
940864 
826176 
826191 
826192 
187238 
482163 
187260 
383869 
383870 
482181 
383880 
187274 
383898 
187304 
383926 
1072055 
482235 
482238 
1088449 
383938 
482248 
187344 
1039321 
187354 
105470 
482303 
1072143 
105494 
105497 
105499 
1088547 
105517 
105537 
105555 
1055832 
892057 
1088702 
154827 
924880 
154832 
154880 
154885 
613644 
1088787 
1088791 
1088804 
1072420 
974116 
1072422 
1137977 
1137978 
1137987 
630113 
1007014 
613849 
1072608 
1089087 
1072713 
908916 
1056454 
1089247 
1089318 
909098 
909134 
89938 
89958 
89965 
89969 
89973 
778119 
909194 
909250 
827347 
303065 
1089532 
303109 
696355 
696360 
1089583 
696374 
221251 
696390 
73799 
1073229 
778317 
1073230 
1073234 
991327 
696417 
221283 
1073271 
221304 
1073286 
1073294 
696482 
1106093 
1024205 
1040616 
663787 
303396 
1089837 
1089882 
909658 
1024362 
1089902 
532887 
1024419 
958884 
156079 
1089975 
156102 
1089994 
909772 
1073613 
1073619 
532951 
1073634 
1057254 
532966 
1073652 
533004 
1090069 
746006 
1040968 
1090124 
500308 
500320 
500328 
500345 
500354 
1090190 
352917 
320154 
500381 
320157 
320158 
320168 
598701 
320174 
320180 
320183 
320184 
1090237 
1073855 
156352 
991945 
156362 
320220 
352993 
156396 
1073905 
320267 
156431 
1041187 
156455 
844584 
1041221 
156517 
926572 
959367 
25485 
1090487 
582610 
1074143 
41951 
41955 
730104 
41980 
41983 
828450 
828452 
828476 
1090622 
828513 
1025132 
582784 
1123461 
1090693 
1123462 
124102 
746714 
1074400 
1025267 
255222 
795907 
926994 
795942 
795963 
533849 
1090908 
533852 
1009009 
1090933 
451992 
206234 
533916 
1090982 
533931 
206261 
533944 
1074621 
157137 
959982 
9721 
1091076 
157226 
108111 
26196 
255575 
255593 
108137 
697979 
1025673 
1074849 
1091243 
255671 
1156801 
1156802 
665286 
26318 
665298 
255704 
255718 
26355 
1009402 
255738 
255745 
255748 
976650 
976683 
1074989 
26431 
927555 
1091430 
976782 
1091487 
1091491 
255920 
894902 
1091569 
1091573 
75774 
976900 
976906 
976911 
1091601 
714770 
272402 
1091635 
845881 
272449 
256079 
976984 
272473 
993379 
714851 
714871 
272506 
272512 
895109 
911499 
714892 
845965 
1157272 
714907 
714913 
1157283 
1091757 
1026228 
1075396 
944352 
1157347 
1157348 
829669 
1157366 
256257 
928012 
1157409 
813347 
846122 
1091896 
1157437 
1075517 
944447 
1157452 
1157453 
1091917 
1075539 
1091929 
1091939 
944486 
1157479 
1091949 
911725 
944511 
944523 
1092004 
158116 
1092009 
174520 
174531 
911814 
1157612 
1092093 
1157635 
1092115 
141870 
1075780 
141892 
1092165 
141895 
1092174 
1157718 
1157724 
371305 
1075827 
830069 
1157750 
141950 
141951 
1075845 
141958 
1092241 
830100 
1043094 
1059494 
387808 
633580 
1075992 
11041 
240420 
1076036 
1059658 
912202 
781149 
240479 
650107 
1092485 
1092495 
748470 
863180 
1076179 
11225 
1108997 
1109001 
1109024 
11307 
1109039 
1076274 
977985 
257148 
1076356 
257156 
257159 
257167 
1059986 
1076385 
322724 
257201 
1092795 
322749 
322757 
1060065 
912642 
224521 
1092878 
27924 
912669 
421151 
1010978 
1092900 
945444 
27940 
421164 
421176 
27970 
27973 
27975 
27989 
1076599 
765309 
1093005 
978318 
1027478 
765409 
1093118 
1093124 
1093127 
93716 
1093141 
1093146 
1011238 
912939 
667182 
470589 
11869 
470631 
470636 
11888 
1093240 
11897 
1093250 
11912 
1142416 
1142417 
536209 
1142418 
470679 
1076892 
11932 
388765 
470690 
356003 
388781 
356029 
241344 
388801 
356041 
913100 
1093328 
388816 
1060562 
241399 
241412 
1093428 
241463 
1093441 
225094 
814925 
1093462 
1142678 
1011630 
1142723 
1142733 
1142743 
700389 
700390 
1093613 
700418 
1044491 
831502 
831528 
831547 
1093720 
1093723 
831581 
1011810 
831603 
831632 
880804 
831666 
1044663 
766138 
1093855 
831715 
454892 
454896 
454910 
1159441 
1077521 
1159442 
61734 
1077545 
995629 
1093960 
1093994 
1094038 
946610 
602557 
831946 
1094103 
1094110 
225788 
225791 
127496 
127499 
225810 
225860 
438857 
438858 
438861 
881257 
1094274 
864923 
963263 
1077958 
701132 
1077999 
1094432 
1045285 
1078099 
95103 
95126 
914334 
95166 
1078207 
848835 
1094611 
553953 
947170 
930796 
341007 
390160 
521240 
324636 
390179 
390189 
390197 
390198 
324662 
324677 
324679 
1094734 
324718 
1078405 
1078408 
914570 
144564 
1094896 
144638 
144639 
144643 
144648 
1094965 
1078582 
1078594 
95556 
1144154 
1144155 
1144156 
1095007 
1078679 
587163 
95647 
472489 
243127 
193989 
685512 
194004 
210395 
194028 
685552 
1095153 
128499 
685556 
194045 
194047 
472580 
357907 
554542 
357934 
1144399 
1078907 
112260 
210583 
374433 
374441 
112298 
374444 
112301 
1144498 
112307 
227003 
947907 
14041 
374498 
554754 
554756 
46875 
407333 
407334 
407338 
554797 
46898 
554809 
1095493 
407379 
407391 
407411 
407432 
178060 
620434 
259994 
178077 
620475 
1046468 
620491 
620499 
260058 
260067 
1095652 
260089 
1030139 
260095 
260110 
1046554 
1079329 
374837 
374845 
145489 
1030230 
374878 
964720 
538741 
145534 
47238 
1144972 
1144973 
47262 
1079464 
47277 
637107 
1063118 
981202 
637140 
833754 
1063140 
1013993 
227636 
325956 
325961 
244042 
244051 
244072 
932218 
244098 
997765 
244103 
833929 
227722 
1079697 
833955 
145858 
1063371 
1096184 
1096189 
326141 
1096208 
1096211 
326168 
1096256 
326210 
178778 
178791 
326250 
1079933 
178818 
359059 
1096352 
326308 
1080005 
1112838 
1112847 
1112850 
1112866 
1112883 
736114 
1162107 
834437 
1080198 
1014720 
949190 
949193 
850914 
1096691 
637951 
1096739 
982062 
1064009 
1096813 
801910 
1014953 
1080501 
1015009 
1096944 
1080605 
1080700 
1097088 
966044 
343474 
343489 
900584 
48651 
818749 
1080901 
1064532 
114264 
425566 
425582 
425588 
1080972 
294582 
294584 
294589 
1081024 
294597 
1048273 
1097434 
1031901 
1064677 
474862 
474868 
933629 
1097477 
474889 
98068 
98077 
1081118 
98078 
98107 
1064773 
1015625 
982860 
966490 
98153 
1064828 
1081224 
98194 
917419 
147383 
147402 
507857 
507861 
147415 
507874 
1097721 
507901 
)

// ************************************************************************* //
