/*--------------------------------*- C++ -*----------------------------------*\
  =========                 |
  \\      /  F ield         | OpenFOAM: The Open Source CFD Toolbox
   \\    /   O peration     | Website:  https://openfoam.org
    \\  /    A nd           | Version:  11
     \\/     M anipulation  |
\*---------------------------------------------------------------------------*/
FoamFile
{
    format      ascii;
    class       cellSet;
    location    "constant/polyMesh/sets";
    object      region5;
}
// * * * * * * * * * * * * * * * * * * * * * * * * * * * * * * * * * * * * * //


1266
(
1081355 
245771 
1097752 
819224 
245800 
639024 
1065034 
458849 
458874 
802978 
458916 
590014 
458943 
1097928 
1065161 
327912 
1081579 
1097978 
606460 
606472 
606502 
1098032 
999737 
934201 
65849 
65854 
65857 
1081677 
1032542 
590194 
590198 
704898 
590222 
1081744 
1081779 
967128 
328162 
1098258 
1081921 
787033 
574108 
1098441 
1016521 
1098443 
1049294 
180960 
574179 
574206 
574215 
951049 
983823 
574234 
1098539 
951113 
394078 
1098606 
967582 
1098667 
99246 
918456 
99258 
1049531 
99275 
787422 
99294 
345064 
99307 
99322 
754684 
803842 
820228 
1049605 
99355 
82985 
361517 
918666 
656524 
361625 
1098915 
525478 
394417 
394421 
394426 
1148095 
1148096 
1066191 
394453 
394455 
1082585 
1082604 
181529 
574788 
230752 
1082794 
1082802 
1099221 
1000931 
984557 
1533 
558602 
788007 
607795 
919095 
837175 
689754 
902771 
640629 
1066656 
804517 
886449 
640749 
1099506 
296717 
755509 
182086 
739157 
1099606 
657246 
1066880 
919446 
690158 
690162 
854016 
690176 
1017858 
1017866 
1050648 
690206 
1099810 
477228 
985140 
477243 
378957 
837711 
837730 
837734 
477287 
837745 
477312 
870540 
1165453 
1165454 
1083551 
477343 
1099941 
346300 
248005 
477387 
346323 
985307 
854269 
1050894 
198942 
198953 
756017 
198972 
198975 
51530 
198996 
51557 
199022 
117117 
51587 
51589 
199048 
51592 
1100178 
1083840 
117196 
1083857 
952794 
1100261 
1083884 
1034732 
1100282 
1165820 
264700 
1165821 
346625 
821849 
1034846 
1100383 
1100412 
1002116 
1100438 
1100439 
1100450 
1084084 
756469 
723707 
1166082 
1166085 
1084184 
1100577 
920358 
1084241 
1100671 
1067913 
1035192 
1149881 
1149882 
1084395 
1068062 
1018927 
1068085 
904246 
740406 
969800 
1068117 
1068118 
904279 
1068120 
1068126 
1068139 
1068146 
1068149 
1002625 
904334 
904351 
1068200 
1166525 
1166526 
593094 
822474 
904395 
593104 
1002708 
904406 
1068251 
838894 
576752 
920817 
249076 
593144 
527609 
249081 
249082 
593166 
249103 
1101122 
806230 
1101144 
593240 
855398 
937324 
855416 
855421 
920983 
871856 
52677 
52682 
855533 
1101306 
1084936 
364054 
3618 
364072 
462385 
511549 
462404 
364102 
855630 
364113 
462437 
462446 
118382 
462449 
1085050 
1068689 
757400 
659096 
1101465 
921258 
1101487 
462512 
1101495 
1035968 
3776 
1085121 
888515 
3782 
1101515 
1101526 
1101534 
1150711 
1150712 
1068803 
1068820 
1036055 
1068838 
1085229 
1101634 
610154 
1101680 
511862 
1052539 
1068925 
642942 
1118084 
1118095 
1118096 
1118097 
1036188 
511902 
1101732 
1085349 
511917 
511920 
1085365 
511933 
511940 
806880 
905187 
970787 
921637 
1101876 
987197 
1101893 
1101909 
1069192 
1052813 
577679 
1036460 
1085626 
217308 
544990 
1102087 
1085708 
1003812 
856363 
381232 
381236 
938295 
381240 
381245 
1102161 
381279 
643429 
610671 
1020275 
217465 
381308 
217484 
610705 
610707 
1020309 
1020311 
151959 
610722 
610723 
610726 
1102273 
610767 
1135117 
774669 
1135118 
774681 
315932 
774693 
774702 
1102385 
774715 
1102413 
1151577 
1151578 
1151579 
791136 
774764 
807539 
774790 
21129 
21143 
479900 
922291 
611013 
725706 
725800 
725810 
725816 
938812 
381787 
922461 
1004412 
1086334 
480126 
1086369 
1053733 
889907 
1053749 
1070145 
1086538 
447577 
316535 
1086609 
1053856 
775334 
316585 
1103035 
316604 
1103047 
906507 
906522 
38223 
38237 
808297 
38249 
38260 
595317 
1021333 
333209 
267688 
267690 
775597 
890300 
267710 
267722 
267723 
267730 
1086933 
775638 
775650 
464356 
267749 
1086951 
267751 
464368 
267769 
267771 
464399 
267798 
464413 
267808 
1103395 
464421 
775720 
464427 
906796 
710217 
1087057 
841307 
710271 
1087116 
792271 
1087203 
1070879 
464689 
874306 
661314 
644940 
1152848 
1152850 
1152851 
120664 
874334 
1005424 
1103746 
1103755 
874386 
1021853 
759718 
874413 
1103804 
366545 
1087444 
1103832 
1005542 
1071111 
563208 
186410 
186412 
186414 
186423 
1103937 
317511 
874575 
186455 
186457 
874594 
317587 
202959 
1022184 
6394 
1136893 
1136894 
1087742 
497933 
874793 
1071420 
1005892 
497991 
858446 
498012 
612709 
1087851 
825788 
973293 
39413 
1038841 
1071646 
612914 
645707 
1104479 
1104480 
170654 
170655 
907956 
891581 
170687 
170701 
1022680 
170712 
973551 
891631 
23315 
23316 
891709 
23357 
23370 
891741 
858973 
891755 
1088366 
1088380 
383892 
383893 
383923 
1039285 
564149 
383927 
383933 
383937 
383941 
760777 
154581 
383962 
1055714 
891877 
973807 
1104924 
744482 
547883 
924764 
1088655 
908435 
1154198 
695446 
1006784 
744675 
646371 
1023217 
531701 
384268 
1105166 
384298 
1088816 
384326 
1121607 
1121608 
384333 
826702 
1088851 
384343 
1088870 
1072492 
1154444 
826786 
826788 
1154473 
564696 
1072636 
1072692 
351813 
1105505 
1105506 
974436 
794222 
614002 
1023645 
1040042 
728748 
1040055 
679612 
1089228 
990951 
909045 
1089292 
892697 
794399 
909091 
1089330 
1040209 
974684 
548714 
647025 
1073039 
171963 
794565 
991189 
172020 
1040413 
1007659 
1089591 
974926 
1024101 
467064 
450698 
696473 
663766 
1007833 
1073382 
1040640 
876840 
1024331 
614734 
614750 
1007968 
614756 
614762 
614777 
991610 
532858 
106884 
876972 
352684 
1057205 
844214 
1057210 
975300 
893382 
1057258 
1057292 
287266 
1073699 
352804 
483877 
877106 
1057333 
401974 
401975 
287293 
401984 
991816 
401992 
1024596 
1057366 
402006 
909913 
402012 
1057375 
287327 
1090155 
287373 
287385 
287388 
1090235 
500415 
484067 
500456 
484105 
287522 
1090344 
484171 
484176 
484182 
484206 
435063 
336778 
435102 
287646 
1090480 
1090482 
369597 
304085 
812024 
812030 
1090576 
386070 
386081 
812069 
894013 
386121 
926803 
894042 
386138 
894055 
386154 
713859 
943242 
894096 
894120 
1074459 
566556 
910662 
664913 
1090917 
992677 
730587 
1058292 
845308 
288267 
1123872 
1123873 
1091110 
1107506 
1107507 
1156680 
1091173 
779883 
173710 
173725 
239263 
1156769 
1009313 
173729 
173732 
1091255 
1156794 
1074875 
26299 
1156796 
26304 
26307 
26340 
829164 
681708 
993023 
1091342 
1156881 
1091356 
1074979 
1091376 
1156925 
599897 
599905 
894821 
1091445 
599933 
534402 
894860 
763790 
599989 
1025980 
59329 
632784 
92117 
92126 
1091555 
731110 
92141 
731118 
1009697 
731169 
1042471 
1075241 
1091641 
960604 
927840 
403556 
1009781 
747681 
633008 
59572 
895164 
829637 
1009872 
895191 
911590 
927986 
1075465 
665899 
895276 
1091892 
895296 
665921 
747862 
895321 
1075557 
665962 
1091958 
895376 
371098 
502171 
125344 
272806 
813489 
1075642 
403904 
1026508 
403917 
403928 
403929 
1075695 
551434 
895524 
911941 
1059401 
895562 
1010268 
371294 
895584 
1092212 
944757 
371330 
371351 
1092258 
1075912 
1092301 
273109 
453350 
715506 
1026816 
895755 
92943 
1010466 
633638 
895784 
1076015 
387916 
338771 
863069 
699230 
1010567 
895911 
502704 
1158071 
1158079 
1158099 
1092624 
977950 
1092640 
846889 
797762 
371782 
519261 
519267 
519273 
863339 
1027183 
912500 
1076349 
912523 
797865 
519348 
912583 
1043657 
1158357 
1158358 
257242 
634075 
339177 
1092858 
912635 
257281 
912644 
535814 
257289 
879887 
208174 
257356 
257361 
978306 
1093017 
1076657 
552373 
404923 
175556 
175570 
175589 
175596 
699901 
1093160 
699960 
1093180 
1093212 
700011 
1093266 
1093270 
568992 
880366 
601848 
1158913 
1158914 
913163 
1027895 
667448 
1093501 
765822 
634756 
864153 
1093543 
241578 
1028015 
323512 
585658 
1028036 
1077189 
634852 
1028070 
815078 
634863 
1093617 
962545 
1028103 
929808 
1093652 
1093655 
815136 
274474 
94259 
94266 
94267 
1028164 
634956 
241746 
94291 
94295 
94297 
716895 
667747 
94307 
241793 
1077379 
848021 
651435 
716983 
929984 
716993 
717014 
930007 
798941 
1093854 
913649 
930042 
798979 
880913 
635158 
635162 
1093922 
930092 
880941 
1077550 
635183 
848195 
848208 
782675 
1077591 
1077593 
1077595 
192859 
1077598 
1093984 
930144 
1077605 
1044843 
1094001 
1044852 
192885 
192889 
913786 
1094014 
1077635 
192906 
192914 
1094040 
979353 
1077693 
913854 
881090 
1094161 
1077814 
1077849 
897687 
1094334 
94911 
1028806 
160474 
733923 
717571 
996104 
979766 
635708 
881474 
996166 
308043 
635728 
1094482 
1094498 
1094508 
1094538 
1094541 
652209 
160716 
1078258 
996366 
62509 
832565 
62518 
799801 
373828 
373833 
1094747 
373857 
423028 
373878 
373880 
373894 
914581 
619673 
423069 
423081 
668847 
603355 
849131 
849137 
849149 
849154 
849167 
996633 
603445 
1144122 
849210 
1078592 
1045844 
390490 
718173 
1095017 
734571 
390523 
898431 
226701 
226704 
226728 
226734 
964026 
882111 
636391 
390637 
390641 
390664 
292372 
390690 
701988 
947766 
390722 
439884 
439897 
276060 
276103 
276112 
128667 
128682 
276141 
440005 
210633 
128714 
1046232 
505568 
1062625 
636660 
276213 
276217 
440069 
440080 
1095468 
587566 
1095486 
538457 
1062749 
145245 
817004 
620437 
1128345 
1128346 
1079201 
1111984 
260022 
1111998 
1112000 
260032 
1112018 
1013723 
571357 
980980 
325625 
260090 
260098 
325636 
1112071 
260103 
210962 
1046553 
1112105 
325674 
571445 
1112128 
915524 
1013835 
751742 
751744 
1095816 
948373 
440469 
751767 
555202 
1095883 
1145047 
1145048 
1046775 
669943 
1014080 
719178 
948560 
948568 
719195 
948577 
948587 
948591 
1161584 
1161585 
948595 
948603 
1096082 
948652 
1079730 
801207 
211396 
948697 
686558 
932319 
211439 
211442 
1096190 
1096191 
899622 
883301 
277099 
277107 
277111 
1063551 
1063556 
277144 
277148 
277153 
1063589 
1079996 
162553 
1014529 
637726 
654112 
260909 
260912 
916276 
457538 
260931 
654150 
1096534 
260951 
719720 
981867 
916345 
342910 
654209 
261008 
654232 
654251 
342959 
293808 
900018 
342973 
850880 
261060 
261074 
1080278 
1031132 
1096673 
293857 
293859 
293870 
293873 
211955 
998388 
1080322 
982023 
621575 
1014795 
752658 
998420 
752664 
621598 
621614 
293934 
1047603 
982075 
1080395 
539726 
1096793 
408665 
539750 
539752 
539771 
539810 
572599 
589012 
1096955 
228643 
785703 
1097002 
1015089 
998717 
834892 
1080661 
785750 
114014 
982373 
785770 
785772 
146800 
1097076 
916860 
916866 
785798 
458135 
884148 
720326 
720341 
720354 
1015282 
720376 
720379 
720420 
327206 
720434 
998964 
769596 
1048162 
966249 
1097346 
1097375 
523962 
16063 
949959 
949966 
540369 
949973 
720600 
1097452 
884463 
950007 
950019 
16176 
16189 
16190 
950092 
655186 
1032033 
1081192 
425835 
655231 
950194 
1015759 
245734 
245735 
81898 
81902 
245749 
245758 
)

// ************************************************************************* //
