/*--------------------------------*- C++ -*----------------------------------*\
  =========                 |
  \\      /  F ield         | OpenFOAM: The Open Source CFD Toolbox
   \\    /   O peration     | Website:  https://openfoam.org
    \\  /    A nd           | Version:  11
     \\/     M anipulation  |
\*---------------------------------------------------------------------------*/
FoamFile
{
    format      ascii;
    class       labelList;
    location    "constant/region1/polyMesh";
    object      pointRegionAddressing;
}
// * * * * * * * * * * * * * * * * * * * * * * * * * * * * * * * * * * * * * //


5811
(
44835
44836
44837
44838
44839
44840
44841
44842
45579
45580
45581
45582
45583
45584
45585
45586
45587
45588
45589
45590
45591
45592
45593
45594
45595
45596
45597
45598
45599
45600
46279
46280
46281
46282
46283
46284
46285
46286
46287
46288
46289
46290
46291
46292
46293
46294
46295
46296
46297
46298
46299
46300
46984
46985
46986
46987
46988
46989
46990
46991
46992
46993
46994
46995
46996
46997
46998
46999
47000
47001
47002
47003
47004
47005
47006
47007
47008
47009
47010
47011
47012
47013
47014
47015
47016
47017
47670
47671
47672
47673
47674
47675
47676
47677
47678
47679
47680
47681
47682
47683
47684
47685
47686
47687
47688
47689
47690
47691
47692
47693
47694
47695
47696
47697
47698
47699
47700
47701
47702
48328
48329
48330
48331
48332
48333
48334
48335
48336
48337
48338
48339
48340
48341
48342
48343
48344
48345
48346
48347
48348
48349
48350
48351
48352
48353
48354
48355
48356
48357
48358
48359
48360
48361
48362
48363
48364
48365
48366
48367
49028
49029
49030
49031
49032
49033
49034
49035
49036
49037
49038
49039
49040
49041
49042
49043
49044
49045
49046
49047
49048
49049
49050
49051
49052
49053
49054
49055
49056
49057
49058
49059
49060
49061
49062
49063
49064
49065
49066
49067
49068
49069
49070
49071
49072
49073
49074
49075
49076
49077
49078
49079
49080
49081
49082
49083
49814
49815
49816
49817
49818
49819
49820
49821
49822
49823
49824
49825
49826
49827
49828
49829
49830
49831
49832
49833
49834
49835
49836
49837
49838
49839
49840
49841
49842
49843
49844
49845
49846
49847
49848
49849
49850
49851
49852
49853
49854
49855
49856
49857
49858
49859
49860
49861
49862
49863
49864
49865
49866
49867
49868
49869
49870
49871
49872
49873
49874
49875
49876
49877
49878
49879
49880
49881
49882
49883
49884
49885
49886
49887
49888
49889
49890
49891
49892
49893
49894
50685
50686
50687
50688
50689
50690
50691
50692
50693
50694
50695
50696
50697
50698
50699
50700
50701
50702
50703
50704
50705
50706
50707
50708
50709
50710
50711
50712
50713
50714
50715
50716
50717
50718
50719
50720
50721
50722
50723
50724
50725
50726
50727
50728
50729
50730
50731
50732
50733
50734
50735
50736
50737
50738
50739
50740
50741
50742
50743
50744
50745
50746
50747
50748
50749
50750
50751
50752
50753
50754
50755
50756
50757
50758
50759
50760
50761
50762
50763
50764
50765
50766
50767
50768
50769
50770
50771
50772
50773
50774
51531
51532
51533
51534
51535
51536
51537
51538
51539
51540
51541
51542
51543
51544
51545
51546
51547
51548
51549
51550
51551
51552
51553
51554
51555
51556
51557
51558
51559
51560
51561
51562
51563
51564
51565
51566
51567
51568
51569
51570
51571
51572
51573
51574
51575
51576
51577
51578
51579
51580
51581
51582
51583
51584
51585
51586
51587
51588
51589
51590
51591
51592
51593
51594
51595
51596
51597
51598
51599
51600
51601
51602
51603
51604
51605
51606
51607
51608
51609
51610
51611
51612
51613
51614
51615
51616
51617
51618
51619
51620
51621
51622
52361
52362
52363
52364
52365
52366
52367
52368
52369
52370
52371
52372
52373
52374
52375
52376
52377
52378
52379
52380
52381
52382
52383
52384
52385
52386
52387
52388
52389
52390
52391
52392
52393
52394
52395
52396
52397
52398
52399
52400
52401
52402
52403
52404
52405
52406
52407
52408
52409
52410
52411
52412
52413
52414
52415
52416
52417
52418
52419
52420
52421
52422
52423
52424
52425
52426
52427
52428
52429
52430
52431
52432
52433
52434
52435
52436
52437
52438
52439
52440
52441
52442
52443
52444
52445
52446
52447
52448
52449
52450
52451
52452
52453
52454
52455
52456
52457
52458
52459
52460
53286
53287
53288
53289
53290
53291
53292
53293
53294
53295
53296
53297
53298
53299
53300
53301
53302
53303
53304
53305
53306
53307
53308
53309
53310
53311
53312
53313
53314
53315
53316
53317
53318
53319
53320
53321
53322
53323
53324
53325
53326
53327
53328
53329
53330
53331
53332
53333
53334
53335
53336
53337
53338
53339
53340
53341
53342
53343
53344
53345
53346
53347
53348
53349
53350
53351
53352
53353
53354
53355
53356
53357
53358
53359
53360
53361
53362
53363
53364
53365
53366
53367
53368
53369
53370
53371
53372
53373
53374
53375
53376
53377
53378
53379
54253
54254
54255
54256
54257
54258
54259
54260
54261
54262
54263
54264
54265
54266
54267
54268
54269
54270
54271
54272
54273
54274
54275
54276
54277
54278
54279
54280
54281
54282
54283
54284
54285
54286
54287
54288
54289
54290
54291
54292
54293
54294
54295
54296
54297
54298
54299
54300
54301
54302
54303
54304
54305
54306
54307
54308
54309
54310
54311
54312
54313
54314
54315
54316
54317
54318
54319
54320
54321
54322
54323
54324
54325
54326
54327
54328
54329
54330
54331
54332
54333
54334
54335
54336
54337
54338
54339
54340
54341
55182
55183
55184
55185
55186
55187
55188
55189
55190
55191
55192
55193
55194
55195
55196
55197
55198
55199
55200
55201
55202
55203
55204
55205
55206
55207
55208
55209
55210
55211
55212
55213
55214
55215
55216
55217
55218
55219
55220
55221
55222
55223
55224
55225
55226
55227
55228
55229
55230
55231
55232
55233
55234
55235
55236
55237
55238
55239
55240
55241
55242
55243
55244
55245
55246
55247
55248
55249
55250
55251
55252
55253
55254
55255
55256
55257
55258
55259
55260
55261
55262
55263
55264
55265
55266
55267
55268
55269
55270
55271
55272
55273
55274
55275
55276
55277
55278
55279
55280
55281
55282
55283
55284
55285
55286
55287
55288
55289
55290
55291
55292
55293
55294
55295
55296
55297
55298
55299
55300
55301
56131
56132
56133
56134
56135
56136
56137
56138
56139
56140
56141
56142
56143
56144
56145
56146
56147
56148
56149
56150
56151
56152
56153
56154
56155
56156
56157
56158
56159
56160
56161
56162
56163
56164
56165
56166
56167
56168
56169
56170
56171
56172
56173
56174
56175
56176
56177
56178
56179
56180
56181
56182
56183
56184
56185
56186
56187
56188
56189
56190
56191
56192
56193
56194
56195
56196
56197
56198
56199
56200
56201
56202
56203
56204
56205
56206
56207
56208
56209
56210
56211
56212
56213
56214
56215
56216
56217
56218
56219
56220
56221
56222
56223
56224
56225
56226
56227
56228
56229
56230
56231
56232
56233
56234
56235
56236
56237
56238
56239
56240
56241
56242
56243
56244
56245
56246
56247
56248
56249
56250
56251
56252
56253
56254
56255
56256
56257
56258
56259
56260
57066
57067
57068
57069
57070
57071
57072
57073
57074
57075
57076
57077
57078
57079
57080
57081
57082
57083
57084
57085
57086
57087
57088
57089
57090
57091
57092
57093
57094
57095
57096
57097
57098
57099
57100
57101
57102
57103
57104
57105
57106
57107
57108
57109
57110
57111
57112
57113
57114
57115
57116
57117
57118
57119
57120
57121
57122
57123
57124
57125
57126
57127
57128
57129
57130
57131
57132
57133
57134
57135
57136
57137
57138
57139
57140
57141
57142
57143
57144
57145
57146
57147
57148
57149
57150
57151
57152
57153
57154
57155
57156
57157
57158
57159
57160
57161
57162
57163
57164
57165
57166
57167
57168
57169
57170
57171
57172
57173
57174
57175
57176
57177
57178
57179
57180
57181
57182
57183
57184
57185
57186
57187
57188
57189
57190
57191
57192
57193
57194
57195
57196
57197
57198
57199
57200
57201
57202
57203
57204
57205
57206
57207
57208
57209
57210
57211
58100
58101
58102
58103
58104
58105
58106
58107
58108
58109
58110
58111
58112
58113
58114
58115
58116
58117
58118
58119
58120
58121
58122
58123
58124
58125
58126
58127
58128
58129
58130
58131
58132
58133
58134
58135
58136
58137
58138
58139
58140
58141
58142
58143
58144
58145
58146
58147
58148
58149
58150
58151
58152
58153
58154
58155
58156
58157
58158
58159
58160
58161
58162
58163
58164
58165
58166
58167
58168
58169
58170
58171
58172
58173
58174
58175
58176
58177
58178
58179
58180
58181
58182
58183
58184
58185
58186
58187
58188
58189
58190
58191
58192
58193
58194
58195
58196
58197
58198
58199
58200
58201
58202
58203
58204
58205
58206
58207
58208
58209
58210
58211
58212
58213
58214
58215
58216
58217
58218
58219
58220
58221
58222
58223
58224
58225
58226
58227
58228
58229
58230
58231
58232
58233
58234
58235
58236
58237
58238
58239
58240
58241
58242
58243
58244
58245
58246
58247
58248
58249
58250
58251
58252
58253
59145
59146
59147
59148
59149
59150
59151
59152
59153
59154
59155
59156
59157
59158
59159
59160
59161
59162
59163
59164
59165
59166
59167
59168
59169
59170
59171
59172
59173
59174
59175
59176
59177
59178
59179
59180
59181
59182
59183
59184
59185
59186
59187
59188
59189
59190
59191
59192
59193
59194
59195
59196
59197
59198
59199
59200
59201
59202
59203
59204
59205
59206
59207
59208
59209
59210
59211
59212
59213
59214
59215
59216
59217
59218
59219
59220
59221
59222
59223
59224
59225
59226
59227
59228
59229
59230
59231
59232
59233
59234
59235
59236
59237
59238
59239
59240
59241
59242
59243
59244
59245
59246
59247
59248
59249
59250
59251
59252
59253
59254
59255
59256
59257
59258
59259
59260
59261
59262
59263
59264
59265
59266
59267
59268
59269
59270
59271
59272
59273
59274
59275
59276
59277
59278
59279
59280
60270
60271
60272
60273
60274
60275
60276
60277
60278
60279
60280
60281
60282
60283
60284
60285
60286
60287
60288
60289
60290
60291
60292
60293
60294
60295
60296
60297
60298
60299
60300
60301
60302
60303
60304
60305
60306
60307
60308
60309
60310
60311
60312
60313
60314
60315
60316
60317
60318
60319
60320
60321
60322
60323
60324
60325
60326
60327
60328
60329
60330
60331
60332
60333
60334
60335
60336
60337
60338
60339
60340
60341
60342
60343
60344
60345
60346
60347
60348
60349
60350
60351
60352
60353
60354
60355
60356
60357
60358
60359
60360
60361
60362
60363
60364
60365
60366
60367
60368
60369
60370
60371
60372
60373
60374
60375
60376
60377
60378
60379
60380
60381
60382
60383
60384
60385
60386
60387
60388
60389
60390
60391
60392
60393
60394
60395
60396
60397
60398
60399
60400
60401
60402
60403
60404
61446
61447
61448
61449
61450
61451
61452
61453
61454
61455
61456
61457
61458
61459
61460
61461
61462
61463
61464
61465
61466
61467
61468
61469
61470
61471
61472
61473
61474
61475
61476
61477
61478
61479
61480
61481
61482
61483
61484
61485
61486
61487
61488
61489
61490
61491
61492
61493
61494
61495
61496
61497
61498
61499
61500
61501
61502
61503
61504
61505
61506
61507
61508
61509
61510
61511
61512
61513
61514
61515
61516
61517
61518
61519
61520
61521
61522
61523
61524
61525
61526
61527
61528
61529
61530
61531
61532
61533
61534
61535
61536
61537
61538
61539
61540
61541
61542
61543
61544
61545
61546
61547
61548
61549
61550
61551
61552
61553
61554
61555
61556
61557
61558
61559
61560
61561
61562
61563
61564
61565
61566
61567
61568
61569
61570
61571
61572
61573
61574
61575
61576
62535
62536
62537
62538
62539
62540
62541
62542
62543
62544
62545
62546
62547
62548
62549
62550
62551
62552
62553
62554
62555
62556
62557
62558
62559
62560
62561
62562
62563
62564
62565
62566
62567
62568
62569
62570
62571
62572
62573
62574
62575
62576
62577
62578
62579
62580
62581
62582
62583
62584
62585
62586
62587
62588
62589
62590
62591
62592
62593
62594
62595
62596
62597
62598
62599
62600
62601
62602
62603
62604
62605
62606
62607
62608
62609
62610
62611
62612
62613
62614
62615
62616
62617
62618
62619
62620
62621
62622
62623
62624
62625
62626
62627
62628
62629
62630
62631
62632
62633
62634
62635
62636
62637
62638
62639
62640
62641
62642
62643
62644
62645
62646
62647
62648
62649
62650
62651
62652
62653
62654
62655
62656
62657
62658
62659
62660
62661
62662
62663
62664
62665
62666
62667
62668
62669
62670
62671
62672
62673
62674
62675
62676
62677
62678
63635
63636
63637
63638
63639
63640
63641
63642
63643
63644
63645
63646
63647
63648
63649
63650
63651
63652
63653
63654
63655
63656
63657
63658
63659
63660
63661
63662
63663
63664
63665
63666
63667
63668
63669
63670
63671
63672
63673
63674
63675
63676
63677
63678
63679
63680
63681
63682
63683
63684
63685
63686
63687
63688
63689
63690
63691
63692
63693
63694
63695
63696
63697
63698
63699
63700
63701
63702
63703
63704
63705
63706
63707
63708
63709
63710
63711
63712
63713
63714
63715
63716
63717
63718
63719
63720
63721
63722
63723
63724
63725
63726
63727
63728
63729
63730
63731
63732
63733
63734
63735
63736
63737
63738
63739
63740
63741
63742
63743
63744
63745
63746
63747
63748
63749
63750
63751
63752
63753
63754
63755
63756
63757
63758
63759
63760
63761
63762
63763
63764
63765
63766
63767
63768
63769
64791
64792
64793
64794
64795
64796
64797
64798
64799
64800
64801
64802
64803
64804
64805
64806
64807
64808
64809
64810
64811
64812
64813
64814
64815
64816
64817
64818
64819
64820
64821
64822
64823
64824
64825
64826
64827
64828
64829
64830
64831
64832
64833
64834
64835
64836
64837
64838
64839
64840
64841
64842
64843
64844
64845
64846
64847
64848
64849
64850
64851
64852
64853
64854
64855
64856
64857
64858
64859
64860
64861
64862
64863
64864
64865
64866
64867
64868
64869
64870
64871
64872
64873
64874
64875
64876
64877
64878
64879
64880
64881
64882
64883
64884
64885
64886
64887
64888
64889
64890
64891
64892
64893
64894
64895
64896
64897
64898
64899
64900
64901
64902
64903
64904
64905
64906
64907
64908
64909
64910
64911
64912
64913
64914
64915
64916
64917
64918
64919
64920
64921
64922
64923
64924
64925
64926
64927
64928
64929
64930
64931
64932
64933
65922
65923
65924
65925
65926
65927
65928
65929
65930
65931
65932
65933
65934
65935
65936
65937
65938
65939
65940
65941
65942
65943
65944
65945
65946
65947
65948
65949
65950
65951
65952
65953
65954
65955
65956
65957
65958
65959
65960
65961
65962
65963
65964
65965
65966
65967
65968
65969
65970
65971
65972
65973
65974
65975
65976
65977
65978
65979
65980
65981
65982
65983
65984
65985
65986
65987
65988
65989
65990
65991
65992
65993
65994
65995
65996
65997
65998
65999
66000
66001
66002
66003
66004
66005
66006
66007
66008
66009
66010
66011
66012
66013
66014
66015
66016
66017
66018
66019
66020
66021
66022
66023
66024
66025
66026
66027
66028
66029
66030
66031
66032
66033
66034
66035
66036
66037
66038
66039
66040
66041
66042
66043
66044
66045
66905
66906
66907
66908
66909
66910
66911
66912
66913
66914
66915
66916
66917
66918
66919
66920
66921
66922
66923
66924
66925
66926
66927
66928
66929
66930
66931
66932
66933
66934
66935
66936
66937
66938
66939
66940
66941
66942
66943
66944
66945
66946
66947
66948
66949
66950
66951
66952
66953
66954
66955
66956
66957
66958
66959
66960
66961
66962
66963
66964
66965
66966
66967
66968
66969
66970
66971
66972
66973
66974
66975
66976
66977
66978
66979
66980
66981
66982
66983
66984
66985
66986
66987
66988
66989
66990
66991
66992
66993
66994
66995
66996
66997
66998
66999
67000
67001
67002
67003
67004
67005
67006
67007
67008
67009
67010
67011
67012
67013
67014
67015
67016
67017
67018
67019
67020
67021
67022
67023
67024
67025
67026
67027
67028
67029
67030
67031
67032
67902
67903
67904
67905
67906
67907
67908
67909
67910
67911
67912
67913
67914
67915
67916
67917
67918
67919
67920
67921
67922
67923
67924
67925
67926
67927
67928
67929
67930
67931
67932
67933
67934
67935
67936
67937
67938
67939
67940
67941
67942
67943
67944
67945
67946
67947
67948
67949
67950
67951
67952
67953
67954
67955
67956
67957
67958
67959
67960
67961
67962
67963
67964
67965
67966
67967
67968
67969
67970
67971
67972
67973
67974
67975
67976
67977
67978
67979
67980
67981
67982
67983
67984
67985
67986
67987
67988
67989
67990
67991
67992
67993
67994
67995
67996
67997
67998
67999
68000
68001
68002
68003
68004
68005
68006
68007
68008
68009
68010
68011
68012
68013
68985
68986
68987
68988
68989
68990
68991
68992
68993
68994
68995
68996
68997
68998
68999
69000
69001
69002
69003
69004
69005
69006
69007
69008
69009
69010
69011
69012
69013
69014
69015
69016
69017
69018
69019
69020
69021
69022
69023
69024
69025
69026
69027
69028
69029
69030
69031
69032
69033
69034
69035
69036
69037
69038
69039
69040
69041
69042
69043
69044
69045
69046
69047
69048
69049
69050
69051
69052
69053
69054
69055
69056
69057
69058
69059
69060
69061
69062
69063
69064
69065
69066
69067
69068
69069
69070
69071
69072
69073
69074
69075
69076
69077
69078
69079
69080
69081
69082
69083
69084
69085
69086
69087
69088
69089
69090
69091
69092
69093
69094
69095
69096
69097
69098
69099
69100
69101
69102
69103
70065
70066
70067
70068
70069
70070
70071
70072
70073
70074
70075
70076
70077
70078
70079
70080
70081
70082
70083
70084
70085
70086
70087
70088
70089
70090
70091
70092
70093
70094
70095
70096
70097
70098
70099
70100
70101
70102
70103
70104
70105
70106
70107
70108
70109
70110
70111
70112
70113
70114
70115
70116
70117
70118
70119
70120
70121
70122
70123
70124
70125
70126
70127
70128
70129
70130
70131
70132
70133
70134
70135
70136
70137
70138
70139
70140
70141
70142
70143
70144
70145
70146
70147
70148
70149
70150
70151
70152
70153
70154
70155
70156
70157
70158
70159
70160
70161
70162
70163
70164
70165
70166
70167
70168
70169
70170
70171
70172
70173
70174
70175
70176
70987
70988
70989
70990
70991
70992
70993
70994
70995
70996
70997
70998
70999
71000
71001
71002
71003
71004
71005
71006
71007
71008
71009
71010
71011
71012
71013
71014
71015
71016
71017
71018
71019
71020
71021
71022
71023
71024
71025
71026
71027
71028
71029
71030
71031
71032
71033
71034
71035
71036
71037
71038
71039
71040
71041
71042
71043
71044
71045
71046
71047
71048
71049
71050
71051
71052
71053
71054
71055
71056
71057
71058
71059
71060
71061
71062
71063
71064
71065
71066
71067
71068
71069
71070
71071
71072
71073
71074
71075
71076
71077
71078
71079
71080
71081
71082
71083
71084
71085
71086
71087
71088
71089
71090
71091
71092
71093
71094
71095
71096
71097
71098
71099
71100
71882
71883
71884
71885
71886
71887
71888
71889
71890
71891
71892
71893
71894
71895
71896
71897
71898
71899
71900
71901
71902
71903
71904
71905
71906
71907
71908
71909
71910
71911
71912
71913
71914
71915
71916
71917
71918
71919
71920
71921
71922
71923
71924
71925
71926
71927
71928
71929
71930
71931
71932
71933
71934
71935
71936
71937
71938
71939
71940
71941
71942
71943
71944
71945
71946
71947
71948
71949
71950
71951
71952
71953
71954
71955
71956
71957
71958
71959
71960
71961
71962
71963
71964
71965
71966
71967
71968
71969
71970
71971
71972
71973
71974
71975
71976
71977
71978
71979
71980
71981
71982
71983
71984
71985
71986
71987
71988
71989
71990
71991
71992
71993
71994
71995
71996
72800
72801
72802
72803
72804
72805
72806
72807
72808
72809
72810
72811
72812
72813
72814
72815
72816
72817
72818
72819
72820
72821
72822
72823
72824
72825
72826
72827
72828
72829
72830
72831
72832
72833
72834
72835
72836
72837
72838
72839
72840
72841
72842
72843
72844
72845
72846
72847
72848
72849
72850
72851
72852
72853
72854
72855
72856
72857
72858
72859
72860
72861
72862
72863
72864
72865
72866
72867
72868
72869
72870
72871
72872
72873
72874
72875
72876
72877
72878
72879
72880
72881
72882
72883
72884
72885
72886
72887
72888
72889
72890
72891
72892
72893
72894
72895
72896
72897
72898
72899
72900
72901
72902
72903
72904
72905
72906
72907
72908
72909
72910
72911
73721
73722
73723
73724
73725
73726
73727
73728
73729
73730
73731
73732
73733
73734
73735
73736
73737
73738
73739
73740
73741
73742
73743
73744
73745
73746
73747
73748
73749
73750
73751
73752
73753
73754
73755
73756
73757
73758
73759
73760
73761
73762
73763
73764
73765
73766
73767
73768
73769
73770
73771
73772
73773
73774
73775
73776
73777
73778
73779
73780
73781
73782
73783
73784
73785
73786
73787
73788
73789
73790
73791
73792
73793
73794
73795
73796
73797
73798
73799
73800
73801
73802
73803
73804
73805
73806
73807
73808
73809
73810
73811
73812
73813
73814
73815
73816
73817
73818
73819
73820
73821
73822
73823
73824
73825
73826
73827
73828
73829
73830
73831
73832
73833
73834
74609
74610
74611
74612
74613
74614
74615
74616
74617
74618
74619
74620
74621
74622
74623
74624
74625
74626
74627
74628
74629
74630
74631
74632
74633
74634
74635
74636
74637
74638
74639
74640
74641
74642
74643
74644
74645
74646
74647
74648
74649
74650
74651
74652
74653
74654
74655
74656
74657
74658
74659
74660
74661
74662
74663
74664
74665
74666
74667
74668
74669
74670
74671
74672
74673
74674
74675
74676
74677
74678
74679
74680
74681
74682
74683
74684
74685
74686
74687
74688
74689
74690
74691
74692
74693
74694
74695
74696
74697
74698
74699
74700
74701
74702
74703
74704
74705
74706
74707
74708
74709
74710
74711
75437
75438
75439
75440
75441
75442
75443
75444
75445
75446
75447
75448
75449
75450
75451
75452
75453
75454
75455
75456
75457
75458
75459
75460
75461
75462
75463
75464
75465
75466
75467
75468
75469
75470
75471
75472
75473
75474
75475
75476
75477
75478
75479
75480
75481
75482
75483
75484
75485
75486
75487
75488
75489
75490
75491
75492
75493
75494
75495
75496
75497
75498
75499
75500
75501
75502
75503
75504
75505
75506
75507
75508
75509
75510
75511
75512
75513
75514
75515
75516
75517
75518
75519
75520
75521
75522
75523
75524
75525
75526
75527
75528
75529
75530
75531
75532
75533
75534
75535
76167
76168
76169
76170
76171
76172
76173
76174
76175
76176
76177
76178
76179
76180
76181
76182
76183
76184
76185
76186
76187
76188
76189
76190
76191
76192
76193
76194
76195
76196
76197
76198
76199
76200
76201
76202
76203
76204
76205
76206
76207
76208
76209
76210
76211
76212
76213
76214
76215
76216
76217
76218
76219
76220
76221
76222
76223
76224
76225
76226
76227
76228
76229
76230
76231
76232
76233
76234
76235
76236
76237
76238
76239
76240
76241
76242
76243
76244
76245
76246
76247
76248
76249
76250
76251
76252
76253
76254
76255
76256
76257
76258
76259
76260
76261
76262
76263
76264
76265
76266
76863
76864
76865
76866
76867
76868
76869
76870
76871
76872
76873
76874
76875
76876
76877
76878
76879
76880
76881
76882
76883
76884
76885
76886
76887
76888
76889
76890
76891
76892
76893
76894
76895
76896
76897
76898
76899
76900
76901
76902
76903
76904
76905
76906
76907
76908
76909
76910
76911
76912
76913
76914
76915
76916
76917
76918
76919
76920
76921
76922
76923
76924
76925
76926
76927
76928
76929
76930
76931
76932
76933
76934
76935
76936
76937
76938
76939
76940
76941
76942
76943
76944
76945
76946
76947
76948
76949
76950
76951
76952
76953
76954
76955
76956
76957
76958
76959
76960
76961
76962
76963
76964
77486
77487
77488
77489
77490
77491
77492
77493
77494
77495
77496
77497
77498
77499
77500
77501
77502
77503
77504
77505
77506
77507
77508
77509
77510
77511
77512
77513
77514
77515
77516
77517
77518
77519
77520
77521
77522
77523
77524
77525
77526
77527
77528
77529
77530
77531
77532
77533
77534
77535
77536
77537
77538
77539
77540
77541
77542
77543
77544
77545
77546
77547
77548
77549
77550
77551
77552
77553
77554
77555
77556
77557
77558
77559
77560
77561
77562
77563
77564
77565
77566
77567
77568
77569
77570
78128
78129
78130
78131
78132
78133
78134
78135
78136
78137
78138
78139
78140
78141
78142
78143
78144
78145
78146
78147
78148
78149
78150
78151
78152
78153
78154
78155
78156
78157
78158
78159
78160
78161
78162
78163
78164
78165
78166
78167
78168
78169
78170
78171
78172
78173
78174
78175
78176
78177
78178
78179
78180
78181
78182
78183
78184
78185
78186
78187
78188
78189
78190
78191
78192
78193
78194
78195
78196
78197
78198
78791
78792
78793
78794
78795
78796
78797
78798
78799
78800
78801
78802
78803
78804
78805
78806
78807
78808
78809
78810
78811
78812
78813
78814
78815
78816
78817
78818
78819
78820
78821
78822
78823
78824
78825
78826
78827
78828
78829
78830
78831
78832
78833
78834
78835
78836
78837
78838
78839
78840
78841
78842
78843
78844
78845
78846
79447
79448
79449
79450
79451
79452
79453
79454
79455
79456
79457
79458
79459
79460
79461
79462
79463
79464
79465
79466
79467
79468
79469
79470
79471
79472
79473
79474
79475
79476
79477
79478
79479
79480
79481
79482
79483
79484
79485
79486
79487
79488
79489
79490
79491
79492
79493
80059
80060
80061
80062
80063
80064
80065
80066
80067
80068
80069
80070
80071
80072
80073
80074
80075
80076
80077
80078
80079
80080
80081
80082
80083
80084
80085
80086
80087
80088
80089
80090
80091
80092
80093
80094
80095
80096
80097
80098
80662
80663
80664
80665
80666
80667
80668
80669
80670
80671
80672
80673
80674
80675
80676
80677
80678
80679
80680
80681
80682
80683
80684
80685
80686
80687
80688
80689
80690
80691
80692
80693
80694
80695
80696
80697
80698
80699
80700
81225
81226
81227
81228
81229
81230
81231
81232
81233
81234
81235
81236
81237
81238
81239
81240
81241
81242
81243
81244
81245
81246
81247
81248
81249
81250
81251
81252
81253
81813
81814
81815
81816
81817
81818
81819
81820
81821
81822
81823
81824
81825
81826
81827
81828
81829
81830
81831
81832
81833
81834
81835
81836
81837
81838
81839
81840
81841
81842
82394
82395
82396
82401
82402
82403
82404
82405
82406
82408
82409
82410
82411
82412
82413
82414
82415
82416
82417
82418
82419
82420
82421
82422
82423
82424
82425
82999
83000
83001
83002
83003
83008
83009
83010
83011
83012
83014
83015
83016
83017
83018
83019
83020
83021
83022
83023
83024
83025
83026
83027
83651
83652
83653
83654
83655
83657
83658
83659
83660
83661
83662
83663
83664
83665
83666
83667
83668
83669
83670
83671
83672
84452
84453
84454
84455
84456
84457
84458
84459
84460
84461
84462
84463
84464
84465
84466
84467
84468
85183
85184
85185
85186
85188
85189
85190
85191
85192
85193
85194
85195
85196
85880
85882
85883
85884
85885
85886
86566
86567
86568
86569
87253
155843
156366
156640
156777
156778
156944
157334
157343
157582
158041
158117
158240
158278
158355
158437
158504
158799
158924
158939
159219
159470
159880
159916
160050
160058
160143
160207
160318
160403
160642
160649
161028
161331
161363
161737
161745
161774
161852
162024
162048
162220
162361
162414
162476
162856
162903
163023
163142
163535
163626
163635
163636
163996
164026
164031
164066
164196
164295
164374
164508
164534
164623
164742
164884
164899
164972
165155
165204
165372
165756
165823
165840
166040
166201
166500
166538
166572
166605
166616
166884
167087
167286
167357
167537
167618
167746
167798
167830
167875
167935
168040
168152
168183
168198
168515
169039
169051
169226
169427
170113
170148
170207
170221
170224
170250
170312
170374
170403
170782
170869
171012
171100
171213
171260
171314
171352
171361
171454
171519
171532
171533
171669
171943
171944
171979
172053
172067
172332
172369
172373
172476
172698
173221
173333
173405
173622
173808
173823
173842
173921
173922
173927
174037
174184
174219
174328
174331
174366
174472
174577
174766
175041
175042
175052
175080
175496
175497
175570
175742
175756
175761
176095
176096
176527
176593
176644
176659
176738
176850
176889
177079
177142
177260
177298
177431
177521
177970
178053
178060
178286
178573
178693
178783
178813
179046
179077
179103
179114
179115
179118
179137
179167
179227
179446
179447
179609
179614
179638
179646
179832
179873
179880
180222
180260
180293
180558
180731
180753
181153
181247
181433
181434
181502
181586
181605
181608
182084
182125
182262
182357
182361
182491
182575
182579
182693
182934
182971
183002
183182
183262
183389
183402
183437
183537
183936
184199
184340
184381
184507
184579
184580
184644
184697
184857
184871
184950
184974
184988
185063
185150
185197
185244
185364
185384
185972
186008
186011
186091
186223
186300
186400
186502
186631
186632
186759
186838
187298
187423
187961
188023
188049
188104
188118
188143
188149
188308
188309
188660
188677
188783
188812
189110
189314
189335
189446
189541
189585
189653
189704
189744
189866
189950
190094
190165
190425
190426
190448
190485
190492
190525
190535
190578
190905
191047
191244
191437
191537
191538
191560
191860
191937
192419
192422
192540
192585
192636
192640
192641
192685
192713
192816
192901
193105
193111
193212
193259
193486
193563
193660
193767
193823
193967
193993
193998
194171
194415
194423
194444
194468
194513
194578
194731
194736
194775
194776
194828
194998
195291
195408
195437
195563
195578
195586
195769
195961
195968
196177
196252
196255
196536
196681
196959
197057
197134
197183
197362
197537
197594
197724
197940
197963
198057
198095
198125
198273
198347
198432
198566
198649
198664
198672
198947
199059
199094
199329
199486
199571
199772
199779
199818
199853
199926
199942
199998
200119
200175
200253
200406
200452
200542
200613
200664
200748
200749
200786
200934
200973
201012
201238
201297
201340
201371
201385
201625
201646
201747
201813
201970
202391
202461
202654
202808
202813
203110
203123
203151
203195
203396
203453
203457
203458
203540
203596
203647
203696
203833
203999
204076
204143
204234
204350
204439
204443
204470
204777
204778
204882
204985
204989
205005
205150
205178
205196
205209
205281
205508
205628
205853
205965
206010
206137
206494
206545
206588
206600
206639
206757
206832
206856
206930
207009
207019
207045
207077
207185
207222
207290
207420
207443
207508
207536
207545
207546
207633
207662
207666
207753
207767
207842
207884
208063
208123
208283
208390
208462
208476
208650
208651
208689
208702
208730
208859
208870
208914
209155
209167
209194
209237
209238
209354
209450
209546
209578
209633
209951
209970
210282
210304
210465
210499
210781
210817
210914
211086
211273
211285
211317
211486
211565
211694
211695
211728
211739
211802
211831
211871
211884
211929
212105
212220
212226
212566
212592
212705
212861
213097
213417
213897
214032
214048
214097
214363
214397
214475
214558
214780
214798
214836
214896
214981
215268
215315
215488
215511
215561
215591
215595
215601
215617
215732
215797
215873
215908
215917
216031
216158
216192
216334
216811
216867
216890
217031
217089
217100
217147
217286
217306
217421
217504
217650
217661
217899
217971
218039
218061
218082
218336
218472
218737
218740
218845
218856
218909
218981
219063
219392
219560
219658
219688
219689
219847
219927
220059
220143
220184
220267
220269
220388
220502
220701
220751
220783
220816
220909
220932
220943
220957
221162
221332
221368
221427
221594
221620
221688
221729
221734
222188
222200
222291
222343
222428
222434
222449
222543
222564
222905
223005
223209
223264
223266
223278
223426
223462
223493
223566
223692
223695
223753
223754
223755
223821
223857
223917
224097
224169
224202
224241
224341
224365
224373
224485
224545
224566
224604
224886
225097
225118
225321
225374
225761
225777
225911
225923
225953
226089
226167
226273
226433
226579
226592
226708
226799
226838
226873
226898
227090
227122
227471
227650
227667
227678
227974
228063
228104
228113
228253
228282
228319
228320
228367
228468
228513
228517
228854
228857
228897
228899
228908
228949
229046
229193
229422
229473
229509
229549
229568
229796
229951
230032
230096
230097
230142
230219
230233
230308
230386
230530
230763
230821
230874
231058
231064
231291
231511
231565
231595
231636
231682
231729
231868
231911
231978
232022
232070
232094
232110
232417
232429
232534
232611
232859
233167
233446
233514
233591
233632
233646
233683
233733
233862
233900
233988
233993
234109
234129
234177
234211
234217
234235
234306
234455
234512
234535
234569
234676
234685
234758
234873
234996
235024
235257
235277
235458
235510
235539
235601
235653
235688
236087
236204
236239
236324
236536
236557
236568
236569
236694
236796
236798
236844
236998
237384
237440
237556
237625
238045
238117
238139
238210
238286
238380
238424
238505
238575
238604
238606
238685
238904
238933
239022
239119
239126
239178
239203
239291
239302
239383
239398
239481
239482
239488
239489
239742
239781
239960
240176
240207
240210
240229
240497
240607
240700
241593
242006
242015
242059
242067
242071
242072
242103
242104
242123
242162
242261
242279
242382
242416
242700
242708
242741
242852
242876
242984
243051
243055
243074
243206
243275
243328
243427
243432
243441
243445
243525
243656
243797
243917
243921
243997
244024
244075
244108
244151
244174
244268
244285
244292
244570
244594
244609
244632
244852
244909
245058
245172
245245
245299
245324
245379
245434
245473
245614
245695
245749
245873
245975
246140
246192
246197
246222
246356
246549
246658
246782
246831
246909
247044
247184
247204
247605
247635
247706
247739
247777
247835
247931
247946
248182
248308
248429
248693
248717
248747
248866
248883
249071
249220
249240
249241
249366
249395
249435
249466
249500
249655
249706
249819
249934
249954
250061
250234
250247
250361
250435
250463
250479
250517
250621
250646
250667
250841
250850
250924
251047
251144
251150
251226
251401
251423
251435
251773
251787
251855
251953
251965
252000
252018
252023
252220
252352
252437
252450
252517
252645
252818
252866
253041
253144
253148
253237
253450
253482
253571
253657
253749
253797
253907
253968
253998
254297
254396
254476
254639
254826
254982
255013
255032
255034
255082
255186
255209
255266
255332
255342
255346
255405
255615
255711
255817
255897
256160
256243
256275
256317
256363
256400
256503
256840
256929
257098
257129
257198
257464
257504
257512
257513
257634
257693
257702
257865
257881
257896
257963
257994
258059
258129
258138
258301
258337
258452
258604
258662
258668
258681
258694
258801
258869
258872
259211
259256
259591
259638
259702
259733
259739
259795
259845
259847
259880
259888
259931
259943
259964
260015
260076
260102
260134
260147
260153
260321
260348
260451
260452
260453
260510
260586
260724
260822
260916
260982
261089
261247
261377
261397
261459
261709
261796
261836
261867
261925
262110
262255
262389
262472
262536
262594
262595
262659
262953
263044
263053
263057
263094
263151
263205
263256
263353
263424
263456
263783
263922
263944
264157
264383
264522
264576
264577
264616
264756
264798
264800
264993
265015
265175
265207
265259
265313
265347
265482
265527
265579
265734
265803
265843
265873
265930
265987
266170
266343
266669
266827
266955
267096
267105
267206
267229
267244
267332
267381
267384
267386
267455
267456
267467
267497
267507
267559
267619
267651
267664
267677
267706
267723
267732
267789
267810
267824
267833
267863
267886
267925
267963
268056
268085
268091
268102
268105
268120
268124
268193
268209
268251
268257
268272
268275
268324
268356
268389
268406
268487
268496
268500
268508
268509
268519
268532
268550
268561
268615
268620
268621
268641
268648
268725
268734
268745
268754
268777
268815
268825
268838
268850
268857
268863
268864
268882
268895
268901
268934
268949
268979
268988
269021
269051
269090
269094
269095
269109
269110
269113
269115
269164
269178
269201
269231
269239
269292
269293
269305
269313
269338
269362
269402
269431
269445
269470
269477
269485
269513
269519
269537
269591
269594
269624
269637
269644
269682
269683
269715
269717
269742
269745
269746
269761
269773
269778
269794
269866
269868
269920
269931
269955
270040
270096
270130
270182
270184
270207
270237
270248
270278
270284
270292
270312
270316
270333
270341
270396
270401
270424
270425
270464
270481
270546
270569
270634
270640
270643
270688
270734
270760
270802
270833
270861
270930
270993
271082
271104
271108
271130
271176
271177
271181
271193
271198
271201
271223
271227
271231
271264
271266
271341
271372
271386
271398
271405
271410
271413
271423
271472
271475
271517
271526
271545
271551
271585
271640
271654
271658
271699
271746
271753
271759
271773
271779
271857
271859
271918
271930
271948
271969
272021
272106
272154
272156
272180
272203
272216
272242
272264
272314
272355
272371
272423
272445
272455
272493
272497
272530
272534
272560
272572
272592
272615
272626
272638
272656
272666
272697
272750
272767
272769
272770
272777
272793
272810
272844
272845
272869
272907
272910
272914
272922
272924
272929
272937
272953
272983
272987
272989
272998
273001
273052
273065
273085
273111
273116
273118
273140
273151
273154
273172
273188
273217
273243
273313
273315
273341
273371
273383
273414
273420
273462
273466
273512
273527
273551
273590
273604
273630
273689
273792
273798
273839
273859
273921
273954
273955
273956
273958
273985
274054
274107
274117
274132
274138
274154
274186
274210
274253
274288
274320
274353
274441
274459
274467
274509
274548
274567
274594
274607
274626
274638
274643
274651
274707
274713
274732
274748
274761
274783
274785
274811
274831
274834
274835
274857
274886
274892
274893
274908
274962
274988
274996
275007
275009
275013
275036
275037
275049
275056
275062
275063
275079
275096
275109
275133
275138
275151
275167
275187
275197
275209
275229
275232
275260
275282
275323
275333
275379
275380
275434
275435
275438
275479
275486
275532
275601
275610
275622
275649
275698
275702
275710
275752
275758
275773
275778
275779
275781
275799
275800
275843
275853
275860
275876
275902
275917
275941
275943
275956
275965
275996
276009
276025
276046
276074
276086
276119
276183
276208
276215
276260
276291
276293
276309
276354
276499
276529
276566
276569
276600
276628
276655
276658
276660
276666
276696
276736
276785
276809
276837
276854
276886
276934
276957
276988
277048
277058
277066
277116
277121
277149
277157
277163
277217
277233
277244
277265
277276
277299
277311
277338
277340
277352
277422
277424
277438
277445
277496
277543
277545
277554
277568
277609
277610
277615
277628
277675
277677
277699
277705
277748
277751
277772
277793
277797
277810
277821
277829
277830
277844
277847
277869
277880
277881
277891
277892
277901
277909
277950
278020
278053
278057
278074
278082
278103
278106
278114
278159
278164
278197
278202
278230
278243
278254
278342
278385
278414
278482
278566
278583
278590
278605
278608
278635
278638
278639
278659
278664
278671
278680
278723
278794
278830
278860
278883
278887
278911
278930
278938
278956
278987
278992
279009
279038
279045
279078
279092
279135
279179
279212
279238
279240
279245
279282
279364
279365
279390
279420
279470
279542
)


// ************************************************************************* //
