/*--------------------------------*- C++ -*----------------------------------*\
  =========                 |
  \\      /  F ield         | OpenFOAM: The Open Source CFD Toolbox
   \\    /   O peration     | Website:  https://openfoam.org
    \\  /    A nd           | Version:  11
     \\/     M anipulation  |
\*---------------------------------------------------------------------------*/
FoamFile
{
    format      ascii;
    class       labelList;
    location    "constant/region5/polyMesh";
    object      cellRegionAddressing;
}
// * * * * * * * * * * * * * * * * * * * * * * * * * * * * * * * * * * * * * //


1266
(
1533
3618
3776
3782
6394
16063
16176
16189
16190
21129
21143
23315
23316
23357
23370
26299
26304
26307
26340
38223
38237
38249
38260
39413
51530
51557
51587
51589
51592
52677
52682
59329
59572
62509
62518
65849
65854
65857
81898
81902
82985
92117
92126
92141
92943
94259
94266
94267
94291
94295
94297
94307
94911
99246
99258
99275
99294
99307
99322
99355
106884
114014
117117
117196
118382
120664
125344
128667
128682
128714
145245
146800
151959
154581
160474
160716
162553
170654
170655
170687
170701
170712
171963
172020
173710
173725
173729
173732
175556
175570
175589
175596
180960
181529
182086
186410
186412
186414
186423
186455
186457
192859
192885
192889
192906
192914
198942
198953
198972
198975
198996
199022
199048
202959
208174
210633
210962
211396
211439
211442
211955
217308
217465
217484
226701
226704
226728
226734
228643
230752
239263
241578
241746
241793
245734
245735
245749
245758
245771
245800
248005
249076
249081
249082
249103
257242
257281
257289
257356
257361
260022
260032
260090
260098
260103
260909
260912
260931
260951
261008
261060
261074
264700
267688
267690
267710
267722
267723
267730
267749
267751
267769
267771
267798
267808
272806
273109
274474
276060
276103
276112
276141
276213
276217
277099
277107
277111
277144
277148
277153
287266
287293
287327
287373
287385
287388
287522
287646
288267
292372
293808
293857
293859
293870
293873
293934
296717
304085
308043
315932
316535
316585
316604
317511
317587
323512
325625
325636
325674
327206
327912
328162
333209
336778
338771
339177
342910
342959
342973
345064
346300
346323
346625
351813
352684
352804
361517
361625
364054
364072
364102
364113
366545
369597
371098
371294
371330
371351
371782
373828
373833
373857
373878
373880
373894
378957
381232
381236
381240
381245
381279
381308
381787
383892
383893
383923
383927
383933
383937
383941
383962
384268
384298
384326
384333
384343
386070
386081
386121
386138
386154
387916
390490
390523
390637
390641
390664
390690
390722
394078
394417
394421
394426
394453
394455
401974
401975
401984
401992
402006
402012
403556
403904
403917
403928
403929
404923
408665
423028
423069
423081
425835
435063
435102
439884
439897
440005
440069
440080
440469
447577
450698
453350
457538
458135
458849
458874
458916
458943
462385
462404
462437
462446
462449
462512
464356
464368
464399
464413
464421
464427
464689
467064
477228
477243
477287
477312
477343
477387
479900
480126
483877
484067
484105
484171
484176
484182
484206
497933
497991
498012
500415
500456
502171
502704
505568
511549
511862
511902
511917
511920
511933
511940
519261
519267
519273
519348
523962
525478
527609
531701
532858
534402
535814
538457
539726
539750
539752
539771
539810
540369
544990
547883
548714
551434
552373
555202
558602
563208
564149
564696
566556
568992
571357
571445
572599
574108
574179
574206
574215
574234
574788
576752
577679
585658
587566
589012
590014
590194
590198
590222
593094
593104
593144
593166
593240
595317
599897
599905
599933
599989
601848
603355
603445
606460
606472
606502
607795
610154
610671
610705
610707
610722
610723
610726
610767
611013
612709
612914
614002
614734
614750
614756
614762
614777
619673
620437
621575
621598
621614
632784
633008
633638
634075
634756
634852
634863
634956
635158
635162
635183
635708
635728
636391
636660
637726
639024
640629
640749
642942
643429
644940
645707
646371
647025
651435
652209
654112
654150
654209
654232
654251
655186
655231
656524
657246
659096
661314
663766
664913
665899
665921
665962
667448
667747
668847
669943
679612
681708
686558
689754
690158
690162
690176
690206
695446
696473
699230
699901
699960
700011
701988
704898
710217
710271
713859
715506
716895
716983
716993
717014
717571
718173
719178
719195
719720
720326
720341
720354
720376
720379
720420
720434
720600
723707
725706
725800
725810
725816
728748
730587
731110
731118
731169
733923
734571
739157
740406
744482
744675
747681
747862
751742
751744
751767
752658
752664
754684
755509
756017
756469
757400
759718
760777
763790
765822
769596
774669
774681
774693
774702
774715
774764
774790
775334
775597
775638
775650
775720
779883
782675
785703
785750
785770
785772
785798
787033
787422
788007
791136
792271
794222
794399
794565
797762
797865
798941
798979
799801
801207
802978
803842
804517
806230
806880
807539
808297
812024
812030
812069
813489
815078
815136
817004
819224
820228
821849
822474
825788
826702
826786
826788
829164
829637
832565
834892
837175
837711
837730
837734
837745
838894
841307
844214
845308
846889
848021
848195
848208
849131
849137
849149
849154
849167
849210
850880
854016
854269
855398
855416
855421
855533
855630
856363
858446
858973
863069
863339
864153
870540
871856
874306
874334
874386
874413
874575
874594
874793
876840
876972
877106
879887
880366
880913
880941
881090
881474
882111
883301
884148
884463
886449
888515
889907
890300
891581
891631
891709
891741
891755
891877
892697
893382
894013
894042
894055
894096
894120
894821
894860
895164
895191
895276
895296
895321
895376
895524
895562
895584
895755
895784
895911
897687
898431
899622
900018
902771
904246
904279
904334
904351
904395
904406
905187
906507
906522
906796
907956
908435
909045
909091
909913
910662
911590
911941
912500
912523
912583
912635
912644
913163
913649
913786
913854
914581
915524
916276
916345
916860
916866
918456
918666
919095
919446
920358
920817
920983
921258
921637
922291
922461
924764
926803
927840
927986
929808
929984
930007
930042
930092
930144
932319
934201
937324
938295
938812
943242
944757
947766
948373
948560
948568
948577
948587
948591
948595
948603
948652
948697
949959
949966
949973
950007
950019
950092
950194
951049
951113
952794
960604
962545
964026
966249
967128
967582
969800
970787
973293
973551
973807
974436
974684
974926
975300
977950
978306
979353
979766
980980
981867
982023
982075
982373
983823
984557
985140
985307
987197
990951
991189
991610
991816
992677
993023
996104
996166
996366
996633
998388
998420
998717
998964
999737
1000931
1002116
1002625
1002708
1003812
1004412
1005424
1005542
1005892
1006784
1007659
1007833
1007968
1009313
1009697
1009781
1009872
1010268
1010466
1010567
1013723
1013835
1014080
1014529
1014795
1015089
1015282
1015759
1016521
1017858
1017866
1018927
1020275
1020309
1020311
1021333
1021853
1022184
1022680
1023217
1023645
1024101
1024331
1024596
1025980
1026508
1026816
1027183
1027895
1028015
1028036
1028070
1028103
1028164
1028806
1031132
1032033
1032542
1034732
1034846
1035192
1035968
1036055
1036188
1036460
1038841
1039285
1040042
1040055
1040209
1040413
1040640
1042471
1043657
1044843
1044852
1045844
1046232
1046553
1046775
1047603
1048162
1049294
1049531
1049605
1050648
1050894
1052539
1052813
1053733
1053749
1053856
1055714
1057205
1057210
1057258
1057292
1057333
1057366
1057375
1058292
1059401
1062625
1062749
1063551
1063556
1063589
1065034
1065161
1066191
1066656
1066880
1067913
1068062
1068085
1068117
1068118
1068120
1068126
1068139
1068146
1068149
1068200
1068251
1068689
1068803
1068820
1068838
1068925
1069192
1070145
1070879
1071111
1071420
1071646
1072492
1072636
1072692
1073039
1073382
1073699
1074459
1074875
1074979
1075241
1075465
1075557
1075642
1075695
1075912
1076015
1076349
1076657
1077189
1077379
1077550
1077591
1077593
1077595
1077598
1077605
1077635
1077693
1077814
1077849
1078258
1078592
1079201
1079730
1079996
1080278
1080322
1080395
1080661
1081192
1081355
1081579
1081677
1081744
1081779
1081921
1082585
1082604
1082794
1082802
1083551
1083840
1083857
1083884
1084084
1084184
1084241
1084395
1084936
1085050
1085121
1085229
1085349
1085365
1085626
1085708
1086334
1086369
1086538
1086609
1086933
1086951
1087057
1087116
1087203
1087444
1087742
1087851
1088366
1088380
1088655
1088816
1088851
1088870
1089228
1089292
1089330
1089591
1090155
1090235
1090344
1090480
1090482
1090576
1090917
1091110
1091173
1091255
1091342
1091356
1091376
1091445
1091555
1091641
1091892
1091958
1092212
1092258
1092301
1092624
1092640
1092858
1093017
1093160
1093180
1093212
1093266
1093270
1093501
1093543
1093617
1093652
1093655
1093854
1093922
1093984
1094001
1094014
1094040
1094161
1094334
1094482
1094498
1094508
1094538
1094541
1094747
1095017
1095468
1095486
1095816
1095883
1096082
1096190
1096191
1096534
1096673
1096793
1096955
1097002
1097076
1097346
1097375
1097452
1097752
1097928
1097978
1098032
1098258
1098441
1098443
1098539
1098606
1098667
1098915
1099221
1099506
1099606
1099810
1099941
1100178
1100261
1100282
1100383
1100412
1100438
1100439
1100450
1100577
1100671
1101122
1101144
1101306
1101465
1101487
1101495
1101515
1101526
1101534
1101634
1101680
1101732
1101876
1101893
1101909
1102087
1102161
1102273
1102385
1102413
1103035
1103047
1103395
1103746
1103755
1103804
1103832
1103937
1104479
1104480
1104924
1105166
1105505
1105506
1107506
1107507
1111984
1111998
1112000
1112018
1112071
1112105
1112128
1118084
1118095
1118096
1118097
1121607
1121608
1123872
1123873
1128345
1128346
1135117
1135118
1136893
1136894
1144122
1145047
1145048
1148095
1148096
1149881
1149882
1150711
1150712
1151577
1151578
1151579
1152848
1152850
1152851
1154198
1154444
1154473
1156680
1156769
1156794
1156796
1156881
1156925
1158071
1158079
1158099
1158357
1158358
1158913
1158914
1161584
1161585
1165453
1165454
1165820
1165821
1166082
1166085
1166525
1166526
)


// ************************************************************************* //
