/*--------------------------------*- C++ -*----------------------------------*\
  =========                 |
  \\      /  F ield         | OpenFOAM: The Open Source CFD Toolbox
   \\    /   O peration     | Website:  https://openfoam.org
    \\  /    A nd           | Version:  11
     \\/     M anipulation  |
\*---------------------------------------------------------------------------*/
FoamFile
{
    format      ascii;
    class       faceList;
    location    "constant/region5/polyMesh";
    object      faces;
}
// * * * * * * * * * * * * * * * * * * * * * * * * * * * * * * * * * * * * * //


2861
(
3(243 325 323)
3(243 209 325)
3(325 209 323)
3(243 323 209)
3(243 325 322)
3(325 323 322)
3(243 322 323)
3(153 155 378)
3(155 393 378)
3(153 378 393)
3(153 393 155)
3(129 155 378)
3(129 378 153)
3(116 321 143)
3(116 143 318)
3(318 143 321)
3(116 318 321)
3(116 114 138)
3(116 143 114)
3(116 138 143)
3(307 360 394)
3(360 297 394)
3(307 394 297)
3(307 297 360)
3(307 360 291)
3(394 291 360)
3(307 291 394)
3(287 360 291)
3(287 307 360)
3(129 132 378)
3(155 378 132)
3(132 378 398)
3(398 378 129)
3(132 398 129)
3(383 26 23)
3(383 352 26)
3(383 23 352)
3(26 352 23)
3(383 28 352)
3(383 352 27)
3(383 27 28)
3(352 28 27)
3(25 383 26)
3(25 23 383)
3(28 352 26)
3(383 28 26)
3(377 402 205)
3(205 402 401)
3(377 205 401)
3(377 401 402)
3(371 402 205)
3(377 402 371)
3(377 371 205)
3(200 402 205)
3(371 200 205)
3(371 402 200)
3(401 205 200)
3(401 200 402)
3(329 272 278)
3(274 329 278)
3(274 272 329)
3(329 300 296)
3(311 329 296)
3(311 300 329)
3(272 250 329)
3(329 250 278)
3(296 329 274)
3(296 274 273)
3(296 273 329)
3(274 329 273)
3(138 116 115)
3(115 116 114)
3(285 345 351)
3(345 292 351)
3(285 351 292)
3(285 292 345)
3(285 280 351)
3(345 351 280)
3(285 345 280)
3(293 345 287)
3(293 292 345)
3(287 345 292)
3(293 360 287)
3(293 345 360)
3(345 287 360)
3(345 282 287)
3(345 287 280)
3(345 280 282)
3(313 346 316)
3(316 346 312)
3(313 312 346)
3(313 346 315)
3(346 316 315)
3(401 203 202)
3(401 200 203)
3(401 202 200)
3(401 228 234)
3(401 201 228)
3(401 234 201)
3(229 232 361)
3(229 361 260)
3(260 361 232)
3(232 361 397)
3(232 397 229)
3(361 229 397)
3(155 393 137)
3(378 155 137)
3(378 137 393)
3(153 154 393)
3(378 154 153)
3(378 393 154)
3(340 393 155)
3(340 153 393)
3(340 155 153)
3(24 352 383)
3(24 383 23)
3(24 23 352)
3(24 27 383)
3(24 352 27)
3(249 245 323)
3(217 249 323)
3(217 323 245)
3(346 314 391)
3(346 391 301)
3(346 301 314)
3(391 314 301)
3(312 391 346)
3(312 346 314)
3(312 314 391)
3(391 346 311)
3(312 391 311)
3(312 311 346)
3(329 269 272)
3(273 269 329)
3(273 329 272)
3(377 207 401)
3(205 401 207)
3(377 205 207)
3(401 392 207)
3(401 377 392)
3(392 377 207)
3(401 228 332)
3(401 207 228)
3(332 228 207)
3(401 332 207)
3(401 202 332)
3(401 228 202)
3(332 202 228)
3(207 234 401)
3(207 203 401)
3(205 401 203)
3(207 234 392)
3(401 392 234)
3(172 196 317)
3(196 197 317)
3(172 317 197)
3(400 380 94)
3(93 400 94)
3(93 94 380)
3(93 380 400)
3(359 380 94)
3(359 94 400)
3(359 400 380)
3(94 400 344)
3(94 97 400)
3(344 400 97)
3(94 344 97)
3(93 344 94)
3(93 400 344)
3(97 400 79)
3(400 94 79)
3(359 400 95)
3(359 95 73)
3(400 73 95)
3(359 73 400)
3(400 95 79)
3(359 400 79)
3(359 79 95)
3(114 321 143)
3(114 116 321)
3(44 390 40)
3(40 390 350)
3(44 350 390)
3(44 40 350)
3(319 196 225)
3(319 225 197)
3(319 197 196)
3(196 223 319)
3(225 319 223)
3(136 398 378)
3(130 398 136)
3(130 136 378)
3(130 378 398)
3(144 320 139)
3(144 139 324)
3(139 320 324)
3(144 324 320)
3(139 318 320)
3(139 144 318)
3(318 144 320)
3(43 46 389)
3(43 389 358)
3(389 46 358)
3(43 358 46)
3(18 46 389)
3(18 389 43)
3(43 389 22)
3(389 358 22)
3(43 22 358)
3(293 360 291)
3(268 245 323)
3(268 249 245)
3(268 323 249)
3(249 221 323)
3(271 249 323)
3(271 323 221)
3(271 221 249)
3(140 139 324)
3(144 139 140)
3(144 140 324)
3(329 300 299)
3(296 329 299)
3(288 345 360)
3(293 345 288)
3(293 288 360)
3(116 139 143)
3(116 138 139)
3(351 367 399)
3(351 285 367)
3(399 367 285)
3(351 399 285)
3(260 399 237)
3(260 361 399)
3(260 237 361)
3(361 237 399)
3(260 399 258)
3(260 351 399)
3(260 258 351)
3(258 399 351)
3(263 351 367)
3(399 263 367)
3(399 351 263)
3(399 237 263)
3(260 399 263)
3(306 345 360)
3(306 288 345)
3(306 360 288)
3(287 360 306)
3(287 306 345)
3(136 132 398)
3(136 398 131)
3(132 131 398)
3(136 132 378)
3(379 136 398)
3(379 131 136)
3(379 398 131)
3(130 379 136)
3(130 398 379)
3(230 397 236)
3(230 236 361)
3(236 397 361)
3(230 361 397)
3(236 397 231)
3(236 232 397)
3(397 232 231)
3(236 388 397)
3(236 230 388)
3(230 397 388)
3(231 236 388)
3(231 388 397)
3(370 183 178)
3(182 370 178)
3(182 183 370)
3(289 246 264)
3(289 295 246)
3(264 246 295)
3(85 102 321)
3(87 85 321)
3(87 321 102)
3(373 396 58)
3(77 58 396)
3(77 373 58)
3(77 396 373)
3(58 30 396)
3(58 373 30)
3(30 373 396)
3(396 57 58)
3(396 77 57)
3(373 58 75)
3(77 373 75)
3(58 396 31)
3(58 31 57)
3(396 57 31)
3(396 31 30)
3(58 30 31)
3(352 5 8)
3(352 8 7)
3(352 7 5)
3(5 382 352)
3(382 8 352)
3(5 8 382)
3(382 352 6)
3(5 382 6)
3(5 6 352)
3(28 8 352)
3(28 382 8)
3(28 352 382)
3(26 8 352)
3(395 13 10)
3(395 10 381)
3(13 381 10)
3(395 381 13)
3(395 381 14)
3(15 395 14)
3(15 381 395)
3(15 14 381)
3(13 395 331)
3(13 35 395)
3(13 331 35)
3(331 395 35)
3(395 13 12)
3(395 12 10)
3(12 395 331)
3(13 12 331)
3(395 35 15)
3(36 15 35)
3(36 395 15)
3(36 35 395)
3(299 249 250)
3(299 246 249)
3(299 250 246)
3(133 324 160)
3(133 140 324)
3(140 160 324)
3(133 160 140)
3(139 318 116)
3(139 143 318)
3(82 81 326)
3(326 81 62)
3(82 326 62)
3(76 326 82)
3(76 82 81)
3(76 81 326)
3(60 326 81)
3(60 62 326)
3(96 326 82)
3(96 82 76)
3(96 76 326)
3(326 61 63)
3(38 326 63)
3(38 63 61)
3(38 61 326)
3(61 326 80)
3(61 59 326)
3(326 59 80)
3(60 326 59)
3(60 59 81)
3(326 81 59)
3(352 23 7)
3(352 7 26)
3(352 6 7)
3(23 6 352)
3(351 258 280)
3(351 280 259)
3(351 259 258)
3(351 280 281)
3(351 374 280)
3(351 281 374)
3(374 281 280)
3(281 351 258)
3(259 351 285)
3(243 215 325)
3(209 325 215)
3(100 85 321)
3(85 84 321)
3(100 321 84)
3(100 84 85)
3(100 102 321)
3(241 264 289)
3(246 264 241)
3(246 241 289)
3(293 286 345)
3(345 286 292)
3(345 288 286)
3(389 20 350)
3(43 350 20)
3(43 389 350)
3(43 20 389)
3(20 350 19)
3(350 389 19)
3(20 19 389)
3(350 17 20)
3(350 19 17)
3(40 350 20)
3(40 43 350)
3(20 16 350)
3(16 40 350)
3(16 350 17)
3(139 112 116)
3(139 116 140)
3(139 140 112)
3(116 112 140)
3(360 293 394)
3(360 297 293)
3(293 297 394)
3(394 291 293)
3(394 307 363)
3(291 363 307)
3(291 394 363)
3(297 307 363)
3(394 297 363)
3(349 71 375)
3(348 349 375)
3(348 375 71)
3(348 71 349)
3(349 71 70)
3(349 70 375)
3(71 375 70)
3(72 349 50)
3(72 70 349)
3(70 50 349)
3(52 349 72)
3(52 54 349)
3(54 72 349)
3(50 52 349)
3(73 348 53)
3(73 386 348)
3(386 53 348)
3(73 53 386)
3(380 74 375)
3(348 375 74)
3(380 348 74)
3(380 375 348)
3(73 348 71)
3(71 348 53)
3(73 78 348)
3(57 73 348)
3(57 348 78)
3(348 359 78)
3(359 73 78)
3(348 73 359)
3(393 340 158)
3(393 158 175)
3(393 175 340)
3(340 175 158)
3(393 155 158)
3(155 340 158)
3(181 393 158)
3(175 393 181)
3(393 137 158)
3(393 158 356)
3(181 356 158)
3(393 356 181)
3(137 356 393)
3(137 158 356)
3(137 356 157)
3(137 157 393)
3(356 393 157)
3(239 323 268)
3(239 268 245)
3(239 245 323)
3(206 392 201)
3(392 377 201)
3(206 201 377)
3(206 377 392)
3(392 201 233)
3(206 392 233)
3(392 233 338)
3(392 240 233)
3(392 338 240)
3(233 240 338)
3(213 392 233)
3(213 233 337)
3(213 337 392)
3(337 233 392)
3(392 234 233)
3(392 201 234)
3(233 338 234)
3(392 234 338)
3(213 240 233)
3(213 392 240)
3(387 97 110)
3(387 110 344)
3(110 97 344)
3(387 344 97)
3(344 93 110)
3(344 110 108)
3(344 108 93)
3(387 113 110)
3(387 97 113)
3(344 94 110)
3(108 344 387)
3(108 387 110)
3(268 246 299)
3(268 295 246)
3(299 246 295)
3(100 114 101)
3(100 101 321)
3(100 321 114)
3(101 114 321)
3(336 321 87)
3(336 85 321)
3(336 87 85)
3(311 391 301)
3(311 301 346)
3(391 311 310)
3(312 391 310)
3(309 391 310)
3(391 330 310)
3(309 310 330)
3(309 330 391)
3(311 391 274)
3(311 274 301)
3(391 301 274)
3(296 274 311)
3(296 391 274)
3(296 311 391)
3(309 391 311)
3(347 0 3)
3(347 3 2)
3(347 2 0)
3(4 3 347)
3(4 347 0)
3(347 385 3)
3(347 4 385)
3(385 4 3)
3(3 15 347)
3(13 3 347)
3(13 347 15)
3(385 15 347)
3(385 3 15)
3(13 2 347)
3(339 44 41)
3(390 41 44)
3(390 339 41)
3(390 44 339)
3(42 364 390)
3(364 66 390)
3(42 66 364)
3(42 390 66)
3(42 339 390)
3(42 364 339)
3(364 390 339)
3(390 64 44)
3(40 64 390)
3(44 390 66)
3(64 66 390)
3(41 390 350)
3(40 41 350)
3(40 390 41)
3(150 125 318)
3(318 125 151)
3(150 318 151)
3(125 318 126)
3(150 126 318)
3(116 112 138)
3(115 112 116)
3(98 84 83)
3(100 83 84)
3(98 100 84)
3(304 329 274)
3(304 354 329)
3(354 274 329)
3(304 274 354)
3(329 304 276)
3(329 303 304)
3(329 276 303)
3(329 304 278)
3(276 329 278)
3(143 321 142)
3(143 142 318)
3(318 142 321)
3(304 354 303)
3(354 329 303)
3(32 384 372)
3(31 384 32)
3(31 372 384)
3(31 32 372)
3(162 139 318)
3(162 320 139)
3(162 318 320)
3(139 144 116)
3(116 144 318)
3(171 368 151)
3(171 151 318)
3(171 318 368)
3(368 318 151)
3(171 368 152)
3(368 151 152)
3(318 171 172)
3(318 172 151)
3(369 52 383)
3(369 383 28)
3(28 383 52)
3(369 28 52)
3(53 27 369)
3(53 369 51)
3(369 27 51)
3(133 324 159)
3(160 159 324)
3(346 315 303)
3(346 303 313)
3(301 346 315)
3(346 354 315)
3(301 354 346)
3(301 315 354)
3(346 315 314)
3(305 345 306)
3(288 345 305)
3(100 99 101)
3(99 114 101)
3(100 114 99)
3(363 295 289)
3(363 290 295)
3(363 289 290)
3(85 86 321)
3(84 86 85)
3(84 321 86)
3(268 299 249)
3(271 249 299)
3(271 268 249)
3(265 289 241)
3(265 241 264)
3(60 326 38)
3(326 59 38)
3(60 38 59)
3(374 345 284)
3(374 286 345)
3(284 345 286)
3(374 284 286)
3(305 374 345)
3(305 345 284)
3(305 284 374)
3(305 374 282)
3(305 282 345)
3(374 345 282)
3(355 299 249)
3(355 250 299)
3(355 249 250)
3(389 19 21)
3(389 21 18)
3(389 18 19)
3(21 389 22)
3(22 389 19)
3(100 101 84)
3(101 321 84)
3(61 326 83)
3(326 80 83)
3(344 92 97)
3(400 97 92)
3(400 92 344)
3(229 361 258)
3(258 361 260)
3(249 268 246)
3(263 351 292)
3(351 367 292)
3(263 292 367)
3(351 292 286)
3(263 351 286)
3(351 345 286)
3(351 374 345)
3(374 280 345)
3(361 258 230)
3(361 230 229)
3(339 44 45)
3(339 45 41)
3(319 195 322)
3(194 319 322)
3(194 322 195)
3(194 195 319)
3(319 195 227)
3(319 227 322)
3(195 322 227)
3(319 195 199)
3(319 199 227)
3(319 193 199)
3(319 195 193)
3(326 98 84)
3(326 84 83)
3(326 83 98)
3(235 388 332)
3(235 203 388)
3(332 388 203)
3(235 332 203)
3(235 388 228)
3(235 228 332)
3(332 228 388)
3(235 231 388)
3(203 388 231)
3(236 235 388)
3(230 388 235)
3(230 388 228)
3(363 295 246)
3(363 246 289)
3(113 387 362)
3(113 128 387)
3(387 128 362)
3(113 362 128)
3(387 357 113)
3(387 112 357)
3(113 357 112)
3(387 113 112)
3(387 134 113)
3(387 357 134)
3(357 113 134)
3(387 362 110)
3(113 110 362)
3(128 387 134)
3(387 344 92)
3(97 387 92)
3(268 267 323)
3(239 323 267)
3(73 386 57)
3(57 386 348)
3(386 57 77)
3(73 386 77)
3(57 386 54)
3(348 57 54)
3(348 54 386)
3(386 55 396)
3(396 55 31)
3(386 396 31)
3(386 31 55)
3(396 77 55)
3(386 55 77)
3(386 77 396)
3(31 28 57)
3(28 386 57)
3(31 386 28)
3(31 57 386)
3(31 28 33)
3(31 33 57)
3(54 28 386)
3(370 176 179)
3(370 179 353)
3(353 179 176)
3(370 353 176)
3(178 179 370)
3(178 370 176)
3(179 365 370)
3(353 365 179)
3(353 370 365)
3(179 370 183)
3(179 365 183)
3(370 183 365)
3(347 16 385)
3(16 4 385)
3(347 4 16)
3(16 385 15)
3(16 15 347)
3(350 385 16)
3(16 385 17)
3(350 17 385)
3(350 15 16)
3(350 385 15)
3(17 4 385)
3(325 247 243)
3(243 247 322)
3(325 322 247)
3(349 51 71)
3(349 53 51)
3(349 71 53)
3(51 70 349)
3(32 384 331)
3(29 384 32)
3(29 331 384)
3(29 32 331)
3(32 384 35)
3(331 35 384)
3(331 32 35)
3(29 384 372)
3(32 29 372)
3(32 58 384)
3(384 58 31)
3(32 31 58)
3(35 58 384)
3(355 299 271)
3(355 271 249)
3(50 52 383)
3(50 383 369)
3(50 369 52)
3(369 27 28)
3(369 383 27)
3(52 26 383)
3(52 25 383)
3(50 25 383)
3(372 382 33)
3(31 33 382)
3(372 31 382)
3(372 33 31)
3(33 8 382)
3(9 33 382)
3(9 382 8)
3(28 382 33)
3(9 33 372)
3(9 372 382)
3(382 31 28)
3(382 31 6)
3(382 27 31)
3(382 6 27)
3(85 83 84)
3(275 355 334)
3(275 334 279)
3(334 355 279)
3(275 279 355)
3(275 271 334)
3(355 334 271)
3(275 355 271)
3(334 275 254)
3(271 334 254)
3(257 275 334)
3(279 257 334)
3(264 246 268)
3(221 323 217)
3(41 44 350)
3(350 44 43)
3(15 40 41)
3(350 15 41)
3(350 40 15)
3(361 399 258)
3(158 187 343)
3(158 343 183)
3(183 343 187)
3(158 187 356)
3(158 356 343)
3(343 356 187)
3(266 342 263)
3(367 342 266)
3(367 263 342)
3(367 266 263)
3(266 291 342)
3(285 266 342)
3(285 342 291)
3(241 266 342)
3(263 241 342)
3(266 363 342)
3(291 342 363)
3(266 291 363)
3(289 342 241)
3(342 363 241)
3(289 363 342)
3(289 241 363)
3(245 268 246)
3(133 140 139)
3(133 139 324)
3(329 278 256)
3(329 256 276)
3(100 99 84)
3(242 247 325)
3(214 242 325)
3(214 325 247)
3(245 268 264)
3(246 245 264)
3(69 341 88)
3(67 341 69)
3(67 88 341)
3(341 69 366)
3(68 341 366)
3(68 69 341)
3(68 366 69)
3(48 341 65)
3(341 68 65)
3(48 68 341)
3(341 364 69)
3(341 48 364)
3(341 69 48)
3(69 364 48)
3(11 381 395)
3(11 395 10)
3(11 10 381)
3(11 14 395)
3(11 381 14)
3(381 2 13)
3(10 2 381)
3(13 347 381)
3(13 381 15)
3(347 15 381)
3(15 395 13)
3(347 381 2)
3(175 176 340)
3(175 340 370)
3(340 176 370)
3(175 370 176)
3(175 153 340)
3(176 340 153)
3(153 393 175)
3(393 175 154)
3(182 340 175)
3(182 158 340)
3(340 370 182)
3(175 182 370)
3(240 245 264)
3(240 264 241)
3(245 241 264)
3(243 242 325)
3(325 242 215)
3(94 375 380)
3(94 380 74)
3(94 74 375)
3(94 91 380)
3(94 375 91)
3(375 380 91)
3(359 74 94)
3(359 380 74)
3(93 91 380)
3(92 380 400)
3(93 380 92)
3(93 92 400)
3(73 400 92)
3(73 92 380)
3(73 380 400)
3(264 245 239)
3(162 143 318)
3(339 48 47)
3(339 47 49)
3(339 49 48)
3(339 48 42)
3(339 42 47)
3(47 339 22)
3(47 22 358)
3(47 358 339)
3(358 22 339)
3(42 41 390)
3(42 339 41)
3(339 46 47)
3(339 47 41)
3(339 41 46)
3(22 49 339)
3(230 261 338)
3(261 234 338)
3(230 338 234)
3(261 338 361)
3(261 361 230)
3(230 361 338)
3(237 261 240)
3(237 240 338)
3(237 338 261)
3(240 261 338)
3(307 360 306)
3(294 306 360)
3(294 360 288)
3(147 320 317)
3(150 317 320)
3(147 317 150)
3(147 150 320)
3(240 245 239)
3(240 239 264)
3(336 328 87)
3(321 328 336)
3(321 87 328)
3(336 85 86)
3(336 86 321)
3(379 135 362)
3(379 128 135)
3(362 135 128)
3(379 362 128)
3(131 379 135)
3(362 131 135)
3(362 379 131)
3(135 136 379)
3(130 379 135)
3(128 130 379)
3(362 131 110)
3(362 110 135)
3(376 184 212)
3(376 210 184)
3(376 212 210)
3(376 184 216)
3(376 216 212)
3(337 206 238)
3(210 337 238)
3(210 206 337)
3(337 323 238)
3(337 239 323)
3(323 239 238)
3(337 238 239)
3(325 209 208)
3(343 209 325)
3(343 325 208)
3(343 208 209)
3(115 114 99)
3(114 96 99)
3(115 99 96)
3(99 326 98)
3(99 84 326)
3(99 98 84)
3(114 99 116)
3(115 116 99)
3(239 245 213)
3(239 213 323)
3(213 245 323)
3(328 87 105)
3(87 336 105)
3(328 105 336)
3(323 325 188)
3(323 188 376)
3(323 376 325)
3(376 188 325)
3(85 64 63)
3(83 85 63)
3(83 63 64)
3(137 333 378)
3(137 378 156)
3(137 156 333)
3(156 378 333)
3(137 378 132)
3(136 137 378)
3(137 333 136)
3(333 378 136)
3(156 137 157)
3(156 157 378)
3(157 137 378)
3(160 141 140)
3(140 141 324)
3(160 324 141)
3(97 96 111)
3(97 115 96)
3(97 111 115)
3(289 342 265)
3(342 241 265)
3(326 83 63)
3(61 63 83)
3(188 322 325)
3(188 323 322)
3(114 321 142)
3(38 326 62)
3(326 63 62)
3(327 318 321)
3(103 327 321)
3(103 321 318)
3(103 318 327)
3(166 170 317)
3(166 317 319)
3(317 170 319)
3(166 319 170)
3(223 317 219)
3(223 222 317)
3(222 219 317)
3(119 327 321)
3(119 104 327)
3(327 104 321)
3(119 321 104)
3(333 160 133)
3(333 156 160)
3(333 133 156)
3(65 63 85)
3(65 85 64)
3(65 64 63)
3(240 264 265)
3(241 240 265)
3(240 213 239)
3(377 401 201)
3(377 201 402)
3(402 201 401)
3(201 392 401)
3(377 212 207)
3(377 205 212)
3(377 337 207)
3(337 212 207)
3(377 212 337)
3(337 207 392)
3(337 392 377)
3(170 317 169)
3(166 169 317)
3(98 96 99)
3(114 98 99)
3(112 133 140)
3(104 87 321)
3(104 321 102)
3(119 327 318)
3(119 318 321)
3(328 87 104)
3(328 104 105)
3(107 336 105)
3(336 90 105)
3(107 90 336)
3(336 68 90)
3(89 68 336)
3(89 336 90)
3(366 90 336)
3(366 336 68)
3(366 68 90)
3(336 88 87)
3(105 88 336)
3(335 81 78)
3(335 58 81)
3(335 78 58)
3(335 373 75)
3(56 335 75)
3(56 373 335)
3(56 75 373)
3(81 79 335)
3(335 79 78)
3(335 79 82)
3(335 82 95)
3(82 79 95)
3(335 95 79)
3(335 81 82)
3(198 199 319)
3(174 319 199)
3(174 198 319)
3(334 257 254)
3(334 224 257)
3(334 255 224)
3(334 257 255)
3(257 322 334)
3(254 334 322)
3(257 254 322)
3(224 322 334)
3(224 257 322)
3(215 208 325)
3(114 101 116)
3(333 160 140)
3(333 140 133)
3(140 333 113)
3(140 136 333)
3(113 333 136)
3(113 140 357)
3(113 357 333)
3(333 357 140)
3(160 140 137)
3(333 160 137)
3(333 137 140)
3(118 318 321)
3(116 318 118)
3(116 118 321)
3(219 319 317)
3(223 317 319)
3(219 223 319)
3(209 365 376)
3(209 376 210)
3(365 210 376)
3(209 210 365)
3(209 343 376)
3(209 365 343)
3(365 376 343)
3(376 325 343)
3(376 209 325)
3(376 238 209)
3(376 210 238)
3(376 323 238)
3(376 337 323)
3(376 238 337)
3(376 323 209)
3(323 238 209)
3(376 325 187)
3(376 187 343)
3(325 343 187)
3(137 160 141)
3(233 240 239)
3(264 240 233)
3(163 139 320)
3(163 324 139)
3(163 320 324)
3(323 216 376)
3(188 376 216)
3(323 188 216)
3(332 203 202)
3(401 203 332)
3(388 228 202)
3(388 202 229)
3(388 229 228)
3(235 207 332)
3(401 201 202)
3(388 332 202)
3(144 141 324)
3(194 191 322)
3(194 319 191)
3(319 322 191)
3(302 329 355)
3(302 276 329)
3(276 355 329)
3(302 355 276)
3(299 355 302)
3(299 302 329)
3(299 329 355)
3(355 302 271)
3(219 317 325)
3(219 186 317)
3(317 186 325)
3(219 325 186)
3(201 377 371)
3(371 377 206)
3(201 371 206)
3(353 204 184)
3(210 353 184)
3(210 204 353)
3(204 211 353)
3(184 353 211)
3(371 201 402)
3(211 377 206)
3(211 371 377)
3(211 206 371)
3(211 377 212)
3(377 206 212)
3(204 353 176)
3(177 353 204)
3(177 176 353)
3(311 329 274)
3(354 301 311)
3(354 311 274)
3(354 274 301)
3(354 311 303)
3(354 303 300)
3(354 300 311)
3(211 377 205)
3(211 371 205)
3(371 179 200)
3(371 200 176)
3(371 176 179)
3(85 63 84)
3(83 84 63)
3(371 176 201)
3(371 201 204)
3(371 204 176)
3(174 150 317)
3(173 317 150)
3(173 174 317)
3(337 239 213)
3(337 213 323)
3(99 326 96)
3(326 98 96)
3(388 202 203)
3(388 203 229)
3(317 356 161)
3(317 161 325)
3(356 325 161)
3(317 325 356)
3(318 172 320)
3(150 318 320)
3(150 320 172)
3(150 172 318)
3(233 239 213)
3(233 337 239)
3(213 337 207)
3(213 207 392)
3(298 294 330)
3(298 330 297)
3(330 294 297)
3(337 212 213)
3(384 30 331)
3(29 331 30)
3(29 30 384)
3(30 34 331)
3(30 331 11)
3(34 11 331)
3(331 35 30)
3(384 30 35)
3(30 34 35)
3(34 331 35)
3(29 331 11)
3(103 126 318)
3(120 103 318)
3(120 318 126)
3(363 296 295)
3(363 290 296)
3(85 84 65)
3(85 65 86)
3(339 364 45)
3(339 44 364)
3(364 44 45)
3(270 267 323)
3(268 270 323)
3(166 317 165)
3(166 325 317)
3(165 317 325)
3(166 165 325)
3(99 326 82)
3(99 82 96)
3(160 137 156)
3(156 130 333)
3(378 130 156)
3(378 333 130)
3(134 333 156)
3(134 130 333)
3(163 162 320)
3(366 85 86)
3(366 336 85)
3(366 86 336)
3(164 317 165)
3(164 166 317)
3(185 157 324)
3(186 185 324)
3(186 324 157)
3(213 217 323)
3(85 66 65)
3(66 64 65)
3(137 157 160)
3(310 330 308)
3(330 307 308)
3(310 307 330)
3(294 308 330)
3(360 330 308)
3(360 308 294)
3(360 294 330)
3(298 330 308)
3(298 310 330)
3(65 366 86)
3(366 68 86)
3(65 68 366)
3(336 66 87)
3(336 88 66)
3(302 329 300)
3(355 250 329)
3(250 299 329)
3(269 250 329)
3(76 95 82)
3(96 82 95)
3(95 76 335)
3(95 335 75)
3(76 75 335)
3(107 105 328)
3(107 328 124)
3(124 328 105)
3(328 106 89)
3(328 89 107)
3(328 107 106)
3(114 321 117)
3(142 117 321)
3(250 329 256)
3(355 256 329)
3(355 250 256)
3(327 149 127)
3(124 327 127)
3(124 149 327)
3(125 127 327)
3(368 327 127)
3(125 327 368)
3(125 368 127)
3(103 327 328)
3(103 328 321)
3(328 327 321)
3(327 106 328)
3(327 127 106)
3(327 328 127)
3(106 127 328)
3(317 319 325)
3(166 325 319)
3(326 82 84)
3(172 318 148)
3(149 318 172)
3(149 148 318)
3(320 318 148)
3(320 148 172)
3(366 85 65)
3(72 349 375)
3(348 72 375)
3(348 349 72)
3(375 72 70)
3(94 72 375)
3(375 72 74)
3(72 375 91)
3(70 375 91)
3(348 72 74)
3(348 54 74)
3(348 72 54)
3(95 97 96)
3(95 111 97)
3(337 323 216)
3(376 337 216)
3(326 63 84)
3(326 82 63)
3(326 80 98)
3(96 326 80)
3(240 233 265)
3(363 295 269)
3(363 269 246)
3(295 246 269)
3(351 283 374)
3(351 281 283)
3(283 281 374)
3(351 283 286)
3(351 286 374)
3(286 283 374)
3(374 282 281)
3(305 374 281)
3(159 139 324)
3(325 319 219)
3(325 219 247)
3(247 219 319)
3(325 247 319)
3(335 82 76)
3(170 174 317)
3(170 319 174)
3(317 174 319)
3(39 63 61)
3(39 61 38)
3(81 56 59)
3(59 56 60)
3(81 60 56)
3(97 82 95)
3(97 96 82)
3(354 346 303)
3(354 311 346)
3(311 303 346)
3(354 303 315)
3(354 315 304)
3(319 252 247)
3(319 322 252)
3(247 252 322)
3(319 247 322)
3(103 118 318)
3(103 321 118)
3(38 61 59)
3(86 101 321)
3(119 318 123)
3(119 146 318)
3(146 123 318)
3(223 317 196)
3(196 317 319)
3(391 274 273)
3(296 391 273)
3(29 331 12)
3(331 11 12)
3(73 335 95)
3(335 359 95)
3(73 359 335)
3(165 161 317)
3(164 317 161)
3(337 213 216)
3(323 216 213)
3(373 58 335)
3(335 58 75)
3(30 60 373)
3(60 58 373)
3(30 58 60)
3(60 56 30)
3(60 373 56)
3(30 56 373)
3(373 75 55)
3(77 373 55)
3(396 30 55)
3(30 373 55)
3(396 55 373)
3(373 58 81)
3(373 81 335)
3(373 60 81)
3(112 116 99)
3(115 112 99)
3(29 31 372)
3(29 384 31)
3(372 6 31)
3(372 29 6)
3(372 6 382)
3(31 32 33)
3(372 33 32)
3(317 324 161)
3(317 356 324)
3(356 161 324)
3(76 80 326)
3(76 326 59)
3(319 251 247)
3(319 252 251)
3(211 353 371)
3(211 371 204)
3(371 353 204)
3(371 179 211)
3(371 205 179)
3(371 179 353)
3(211 353 179)
3(204 206 371)
3(103 106 328)
3(103 327 106)
3(121 320 318)
3(121 318 144)
3(121 144 320)
3(103 89 328)
3(218 317 186)
3(190 186 317)
3(218 190 317)
3(125 318 103)
3(237 265 240)
3(265 261 240)
3(237 261 265)
3(237 265 241)
3(148 320 167)
3(148 167 318)
3(318 167 320)
3(248 270 322)
3(253 248 322)
3(253 322 270)
3(370 340 178)
3(340 176 178)
3(340 178 182)
3(169 174 317)
3(219 218 317)
3(335 81 76)
3(214 215 325)
3(188 187 376)
3(188 325 187)
3(86 328 321)
3(86 321 103)
3(86 103 328)
3(141 324 157)
3(141 356 324)
3(141 157 356)
3(356 157 324)
3(117 100 321)
3(366 85 66)
3(366 66 65)
3(109 357 387)
3(109 387 112)
3(109 112 357)
3(109 134 387)
3(109 357 134)
3(309 269 297)
3(363 309 297)
3(363 297 269)
3(363 269 309)
3(165 161 325)
3(327 106 125)
3(103 327 125)
3(161 356 187)
3(161 187 325)
3(356 325 187)
3(222 317 196)
3(34 38 59)
3(34 59 60)
3(34 60 38)
3(170 193 319)
3(170 319 191)
3(193 191 319)
3(218 317 222)
3(343 180 208)
3(325 208 180)
3(343 325 180)
3(64 61 63)
3(385 18 17)
3(18 350 17)
3(385 350 18)
3(385 3 17)
3(385 18 3)
3(145 317 147)
3(145 320 317)
3(145 147 320)
3(142 318 162)
3(86 328 336)
3(188 319 325)
3(319 322 325)
3(188 322 319)
3(363 296 269)
3(296 295 269)
3(378 154 130)
3(378 130 153)
3(371 201 200)
3(200 201 402)
3(361 259 230)
3(258 259 361)
3(173 319 197)
3(319 317 197)
3(173 197 317)
3(173 317 319)
3(169 145 317)
3(169 317 147)
3(168 320 167)
3(168 148 320)
3(237 265 262)
3(342 262 265)
3(342 265 237)
3(342 237 262)
3(327 318 123)
3(119 327 123)
3(244 323 238)
3(244 209 323)
3(364 339 48)
3(42 364 48)
3(364 44 390)
3(364 66 44)
3(369 386 28)
3(386 27 28)
3(369 27 386)
3(383 369 24)
3(50 383 24)
3(50 24 369)
3(27 369 24)
3(52 369 349)
3(52 54 369)
3(54 349 369)
3(349 50 369)
3(369 54 28)
3(369 386 54)
3(233 261 240)
3(186 317 324)
3(317 190 324)
3(186 324 190)
3(107 336 328)
3(328 321 104)
3(336 328 89)
3(107 336 89)
3(86 89 336)
3(86 328 89)
3(239 244 323)
3(145 161 317)
3(145 317 324)
3(145 324 161)
3(241 363 266)
3(246 266 363)
3(241 246 363)
3(141 157 160)
3(137 157 141)
3(113 112 140)
3(116 112 113)
3(181 343 208)
3(181 209 343)
3(318 122 320)
3(121 122 318)
3(121 320 122)
3(76 81 59)
3(273 269 309)
3(296 309 269)
3(273 309 296)
3(273 296 269)
3(368 149 127)
3(368 327 149)
3(368 152 149)
3(171 368 149)
3(142 318 119)
3(142 146 318)
3(368 152 127)
3(149 318 327)
3(149 368 318)
3(327 318 368)
3(149 318 123)
3(149 123 327)
3(150 318 122)
3(150 122 320)
3(212 216 337)
3(329 303 300)
3(329 300 354)
3(97 99 96)
3(97 115 99)
3(169 317 164)
3(56 76 81)
3(329 299 269)
3(296 329 269)
3(296 269 299)
3(269 250 299)
3(164 145 317)
3(145 324 320)
3(145 320 144)
3(145 144 324)
3(317 356 186)
3(356 324 186)
3(224 322 221)
3(224 221 334)
3(334 221 322)
3(317 189 324)
3(190 189 317)
3(190 324 189)
3(157 160 324)
3(118 318 120)
3(270 243 322)
3(270 323 243)
3(270 322 323)
3(356 186 325)
3(112 140 357)
3(285 266 367)
3(285 367 342)
3(292 285 367)
3(399 262 285)
3(285 262 367)
3(399 367 262)
3(399 262 259)
3(399 259 285)
3(266 367 292)
3(285 262 342)
3(342 262 367)
3(39 64 63)
3(64 42 63)
3(39 42 64)
3(59 38 36)
3(61 36 38)
3(104 327 124)
3(104 123 327)
3(327 123 124)
3(328 127 124)
3(327 328 124)
3(328 127 107)
3(104 327 328)
3(104 328 124)
3(73 335 75)
3(180 181 343)
3(366 88 69)
3(366 341 88)
3(88 366 90)
3(88 336 366)
3(88 90 336)
3(69 366 90)
3(366 66 88)
3(366 341 66)
3(66 341 88)
3(336 66 85)
3(366 336 66)
3(353 184 365)
3(210 353 365)
3(210 365 184)
3(179 184 365)
3(353 184 179)
3(365 183 184)
3(210 177 365)
3(210 353 177)
3(353 365 177)
3(376 365 184)
3(271 254 322)
3(322 254 253)
3(271 322 253)
3(237 261 262)
3(118 144 318)
3(188 376 184)
3(161 356 158)
3(389 21 46)
3(18 350 43)
3(389 350 18)
3(389 22 20)
3(376 337 212)
3(21 358 22)
3(389 358 21)
3(317 189 320)
3(317 320 324)
3(320 189 324)
3(376 337 210)
3(212 210 337)
3(36 40 39)
3(37 39 40)
3(37 40 36)
3(37 36 39)
3(223 251 319)
3(251 225 319)
3(34 38 36)
3(148 318 146)
3(148 123 318)
3(126 318 122)
3(172 317 320)
3(172 150 317)
3(186 325 180)
3(356 180 325)
3(356 186 180)
3(170 199 319)
3(376 184 187)
3(116 101 321)
3(101 118 321)
3(192 320 317)
3(192 189 320)
3(192 317 189)
3(49 339 364)
3(45 49 364)
3(45 339 49)
3(325 219 214)
3(341 66 364)
3(341 42 66)
3(341 364 42)
3(49 48 364)
3(391 273 298)
3(330 298 273)
3(391 298 330)
3(391 330 273)
3(163 324 159)
3(309 273 297)
3(322 220 323)
3(188 220 322)
3(188 323 220)
3(30 35 60)
3(30 58 35)
3(30 34 60)
3(60 34 35)
3(218 189 317)
3(60 56 34)
3(64 39 61)
3(40 61 39)
3(64 40 39)
3(220 323 221)
3(220 221 322)
3(322 221 323)
3(142 321 119)
3(68 86 336)
3(319 198 227)
3(227 319 226)
3(198 226 319)
3(79 95 97)
3(227 257 322)
3(227 322 224)
3(227 226 322)
3(257 322 226)
3(319 197 198)
3(173 319 198)
3(219 251 319)
3(147 174 317)
3(36 61 39)
3(69 67 364)
3(341 364 67)
3(44 364 67)
3(364 66 67)
3(364 45 67)
3(364 67 49)
3(69 49 364)
3(66 67 341)
3(118 121 318)
3(188 319 166)
3(188 166 325)
3(322 271 334)
3(172 317 192)
3(172 192 320)
3(141 356 161)
3(141 161 324)
3(266 363 269)
3(220 323 217)
3(363 291 290)
3(363 290 342)
3(291 342 290)
3(289 342 290)
3(342 265 290)
3(363 307 290)
3(363 309 307)
3(309 297 307)
3(363 309 290)
3(297 266 363)
3(363 296 309)
3(171 318 149)
3(151 125 368)
3(368 125 152)
3(368 318 125)
3(346 314 316)
3(119 117 321)
3(243 323 244)
3(192 168 320)
3(168 189 320)
3(388 231 229)
3(355 249 221)
3(355 221 256)
3(355 256 249)
3(122 120 318)
3(142 318 167)
3(162 167 318)
3(134 333 133)
3(215 180 325)
3(121 120 318)
3(222 189 317)
3(298 391 274)
3(239 337 206)
3(167 146 318)
3(159 324 189)
3(159 190 324)
3(56 81 373)
3(196 317 192)
3(103 101 321)
3(64 42 65)
3(121 145 320)
3(163 324 189)
3(163 168 320)
3(163 320 167)
3(220 322 191)
3(188 191 322)
3(319 226 322)
3(185 160 324)
3(112 113 99)
3(141 356 158)
3(145 320 122)
3(122 147 320)
3(220 216 323)
3(273 330 297)
3(65 66 42)
3(66 64 42)
3(327 125 318)
3(137 356 141)
3(172 320 168)
3(39 41 390)
3(39 390 42)
3(166 319 191)
3(172 173 317)
3(342 237 263)
3(399 342 263)
3(399 237 342)
3(38 36 35)
3(34 38 35)
3(34 35 36)
3(341 42 65)
3(341 65 66)
3(35 37 36)
3(38 36 37)
3(32 13 331)
3(34 395 35)
3(34 331 395)
3(355 277 255)
3(355 255 279)
3(355 279 277)
3(243 322 248)
3(248 247 322)
3(145 141 324)
3(190 185 324)
3(237 236 338)
3(240 338 236)
3(224 195 322)
3(226 322 252)
3(226 252 319)
3(226 197 319)
3(226 319 225)
3(163 320 189)
3(113 97 112)
3(112 97 99)
3(192 317 222)
3(22 45 339)
3(220 322 194)
3(253 252 322)
3(248 322 252)
3(188 319 191)
3(216 217 323)
3(233 337 206)
3(370 175 177)
3(182 370 177)
3(254 252 322)
3(390 64 42)
3(39 40 390)
3(39 41 40)
3(370 176 177)
3(39 64 390)
3(267 244 323)
3(233 338 261)
3(221 195 322)
3(221 194 322)
3(117 102 321)
3(340 155 182)
3(340 178 155)
3(391 301 298)
3(342 237 241)
3(362 128 108)
3(362 129 128)
3(362 108 129)
3(108 387 128)
3(108 362 387)
3(387 128 109)
3(108 387 109)
3(135 113 362)
3(129 128 379)
3(129 379 362)
3(341 42 48)
3(226 254 322)
3(185 159 324)
3(342 262 290)
3(37 41 40)
3(186 214 325)
3(392 240 207)
3(102 321 119)
3(36 15 37)
3(342 262 291)
3(206 392 337)
3(243 267 323)
3(157 378 130)
3(56 335 76)
3(158 181 343)
3(181 356 343)
3(214 180 325)
3(173 319 174)
3(206 212 337)
3(206 337 377)
3(56 335 81)
3(95 92 97)
3(92 111 97)
3(36 395 14)
3(36 14 15)
3(225 252 319)
3(112 92 387)
3(92 109 387)
3(165 187 325)
3(113 134 333)
3(134 357 333)
3(298 310 391)
3(65 366 341)
3(221 334 255)
3(361 237 338)
3(261 237 361)
3(237 361 232)
3(399 262 361)
3(361 262 259)
3(399 361 259)
3(361 236 237)
3(361 232 236)
3(338 361 236)
3(262 361 237)
3(399 262 237)
3(361 261 262)
3(266 363 394)
3(266 394 297)
3(400 97 95)
3(400 95 92)
3(154 157 378)
3(307 360 330)
3(307 308 360)
3(307 297 330)
3(360 330 297)
3(360 306 308)
3(36 395 34)
3(395 14 34)
3(230 262 361)
3(333 130 136)
3(358 47 21)
3(108 344 92)
3(108 92 387)
3(348 359 79)
3(79 359 78)
3(348 79 78)
3(79 74 359)
3(348 359 74)
3(348 74 79)
3(207 234 338)
3(207 338 392)
3(393 378 157)
3(359 79 94)
3(359 335 79)
3(359 78 335)
3(15 37 40)
3(15 40 36)
3(73 335 78)
3(335 75 78)
3(356 393 154)
3(154 393 157)
3(356 154 157)
3(34 395 11)
3(329 300 276)
3(338 230 236)
3(380 348 359)
3(154 181 393)
3(154 356 181)
3(58 384 30)
3(97 387 112)
3(97 112 92)
3(234 338 236)
3(338 207 236)
3(391 298 314)
3(391 314 310)
3(57 31 32)
3(362 131 129)
3(362 129 110)
3(399 342 367)
3(399 342 262)
3(188 325 165)
3(333 136 134)
3(108 362 110)
3(46 358 339)
3(47 358 46)
3(21 46 358)
3(46 45 358)
3(43 358 45)
3(339 46 45)
3(339 45 358)
3(36 16 15)
3(16 14 15)
3(97 112 111)
3(345 306 282)
3(294 360 293)
3(18 41 350)
3(18 350 15)
3(16 15 40)
3(346 313 311)
3(395 11 331)
3(291 394 266)
3(31 386 27)
3(31 27 28)
3(330 309 307)
3(386 349 369)
3(386 54 349)
3(348 79 54)
3(348 54 78)
3(71 92 380)
3(73 71 380)
3(93 380 71)
3(183 181 343)
3(365 343 177)
3(209 365 177)
3(209 177 343)
3(359 73 380)
3(93 92 344)
3(381 1 347)
3(381 2 1)
3(347 1 2)
3(351 263 260)
3(386 349 53)
3(386 53 369)
3(349 369 53)
3(384 30 31)
3(386 396 57)
3(349 53 348)
3(386 349 348)
3(349 51 369)
3(349 50 51)
3(50 369 51)
3(27 53 386)
3(386 53 31)
3(71 91 380)
3(347 14 15)
3(347 16 14)
3(373 55 56)
3(380 348 73)
3(260 286 351)
3(260 351 283)
3(330 309 297)
3(347 14 381)
3(382 27 28)
3(259 351 399)
3(382 27 352)
3(18 350 44)
3(255 355 276)
3(276 355 277)
3(355 256 255)
3(355 276 256)
3(380 348 71)
3(32 331 12)
3(51 369 24)
3(394 266 293)
3(281 351 260)
3(380 375 71)
3(386 53 55)
3(347 14 1)
3(14 381 1)
3(258 259 399)
3(371 176 353)
3(187 184 343)
3(343 184 183)
3(184 343 376)
3(348 349 54)
3(184 365 343)
3(343 365 183)
3(9 32 372)
3(343 177 183)
3(365 183 177)
3(395 11 12)
3(332 207 203)
3(279 255 334)
3(9 6 382)
3(9 372 6)
3(177 181 343)
3(347 16 1)
3(285 345 287)
3(360 294 297)
3(383 24 25)
3(27 352 6)
3(177 365 370)
3(177 370 183)
3(386 53 77)
3(10 1 381)
3(1 347 4)
3(345 284 288)
3(353 370 177)
3(401 200 201)
3(301 304 354)
3(388 229 230)
3(374 280 282)
3(129 378 130)
3(397 229 388)
3(231 229 397)
3(130 379 129)
3(18 350 19)
3(379 129 398)
3(130 398 129)
3(391 273 309)
3(296 391 309)
3(273 330 309)
3(0 1 347)
3(357 133 333)
3(357 140 133)
3(109 133 357)
3(357 133 112)
3(133 357 134)
3(379 129 131)
3(398 131 129)
3(11 381 1)
3(5 382 9)
3(375 91 71)
3(397 229 230)
3(358 22 45)
3(24 352 6)
3(323 268 271)
3(323 271 270)
3(356 325 343)
3(154 356 180)
3(181 180 356)
3(180 157 356)
3(356 343 180)
3(356 186 157)
3(323 322 271)
3(271 322 221)
3(322 271 270)
3(100 99 98)
3(340 155 176)
3(311 329 354)
3(355 271 221)
3(334 271 221)
3(334 221 355)
3(194 319 193)
3(97 115 112)
3(269 299 295)
3(299 246 269)
3(374 281 284)
3(374 284 283)
3(334 355 255)
3(221 255 355)
3(355 277 302)
3(275 302 355)
3(355 302 279)
3(338 207 240)
3(320 167 162)
3(9 372 29)
3(36 38 39)
3(385 18 15)
3(129 153 155)
3(138 114 143)
3(287 291 307)
3(129 155 132)
3(25 26 23)
3(274 278 272)
3(311 296 300)
3(272 278 250)
3(138 115 114)
3(293 287 292)
3(287 282 280)
3(313 316 312)
3(313 315 316)
3(200 202 203)
3(228 201 234)
3(229 260 232)
3(217 245 249)
3(273 272 269)
3(207 228 234)
3(207 205 203)
3(172 197 196)
3(97 79 94)
3(225 196 197)
3(196 225 223)
3(18 43 46)
3(287 293 291)
3(296 299 300)
3(139 138 143)
3(260 263 237)
3(136 131 132)
3(236 231 232)
3(182 178 183)
3(289 264 295)
3(87 102 85)
3(77 58 57)
3(77 75 58)
3(7 8 5)
3(28 8 26)
3(10 12 13)
3(250 249 246)
3(82 62 81)
3(60 81 62)
3(61 80 59)
3(23 26 7)
3(23 7 6)
3(258 259 280)
3(281 258 280)
3(259 285 280)
3(243 209 215)
3(100 85 102)
3(293 292 286)
3(293 286 288)
3(20 17 19)
3(40 20 43)
3(20 40 16)
3(16 17 20)
3(72 50 70)
3(52 72 54)
3(72 52 50)
3(73 71 53)
3(57 78 73)
3(175 181 158)
3(155 158 137)
3(206 233 201)
3(201 233 234)
3(108 110 93)
3(97 110 113)
3(93 110 94)
3(268 299 295)
3(312 310 311)
3(309 311 310)
3(0 2 3)
3(4 0 3)
3(13 15 3)
3(13 3 2)
3(40 44 64)
3(44 66 64)
3(150 151 125)
3(150 125 126)
3(115 138 112)
3(98 83 100)
3(304 303 276)
3(276 278 304)
3(278 274 304)
3(139 112 138)
3(171 152 151)
3(151 172 171)
3(53 51 27)
3(133 159 160)
3(303 315 313)
3(301 314 315)
3(288 305 306)
3(295 290 289)
3(271 299 268)
3(265 264 289)
3(18 21 19)
3(21 22 19)
3(61 83 80)
3(94 110 97)
3(229 258 260)
3(263 286 292)
3(258 229 230)
3(45 44 41)
3(195 227 199)
3(195 199 193)
3(235 203 231)
3(236 230 235)
3(231 236 235)
3(235 230 228)
3(128 134 113)
3(239 267 268)
3(73 77 57)
3(28 57 33)
3(54 57 28)
3(178 176 179)
3(178 179 183)
3(16 4 17)
3(71 51 53)
3(51 71 70)
3(35 32 58)
3(52 28 26)
3(52 26 25)
3(52 25 50)
3(9 8 33)
3(28 33 8)
3(27 6 31)
3(85 100 83)
3(271 254 275)
3(279 275 257)
3(264 268 295)
3(221 217 249)
3(44 40 43)
3(158 183 187)
3(285 291 266)
3(263 266 241)
3(245 246 249)
3(278 276 256)
3(99 101 84)
3(214 247 242)
3(67 69 88)
3(48 65 68)
3(10 13 2)
3(15 13 35)
3(175 176 153)
3(153 154 175)
3(182 175 158)
3(240 241 245)
3(243 215 242)
3(93 94 91)
3(264 239 268)
3(144 116 140)
3(162 139 143)
3(47 48 49)
3(42 48 47)
3(47 46 41)
3(22 47 49)
3(230 234 261)
3(287 307 306)
3(294 288 306)
3(135 131 136)
3(130 135 136)
3(128 135 130)
3(131 135 110)
3(212 184 210)
3(212 216 184)
3(210 238 206)
3(115 96 114)
3(83 64 85)
3(137 132 155)
3(136 132 137)
3(115 111 96)
3(114 142 143)
3(38 62 63)
3(223 219 222)
3(160 156 133)
3(246 245 241)
3(240 245 213)
3(212 205 207)
3(170 169 166)
3(114 96 98)
3(139 133 112)
3(104 102 87)
3(87 105 104)
3(107 105 90)
3(89 90 68)
3(105 87 88)
3(81 58 78)
3(81 78 79)
3(82 81 79)
3(174 199 198)
3(257 275 254)
3(257 224 255)
3(215 209 208)
3(101 99 116)
3(140 113 136)
3(210 209 238)
3(140 137 141)
3(264 233 239)
3(202 228 229)
3(228 207 235)
3(202 201 228)
3(144 140 141)
3(299 271 302)
3(210 184 204)
3(204 184 211)
3(211 212 206)
3(177 204 176)
3(311 300 303)
3(211 205 212)
3(200 179 176)
3(176 204 201)
3(173 150 174)
3(202 229 203)
3(298 297 294)
3(213 212 207)
3(30 11 34)
3(29 11 30)
3(60 62 38)
3(120 126 103)
3(296 290 295)
3(65 84 86)
3(268 267 270)
3(134 156 130)
3(163 139 162)
3(65 63 84)
3(164 165 166)
3(186 157 185)
3(245 217 213)
3(85 64 66)
3(156 160 157)
3(310 308 307)
3(298 308 310)
3(298 294 308)
3(65 86 68)
3(66 88 87)
3(302 300 299)
3(269 272 250)
3(96 95 76)
3(95 75 76)
3(107 124 105)
3(89 106 107)
3(114 117 142)
3(124 127 149)
3(99 84 82)
3(149 172 148)
3(94 74 72)
3(94 72 91)
3(72 70 91)
3(72 74 54)
3(95 96 111)
3(63 82 84)
3(98 80 83)
3(96 80 98)
3(233 264 265)
3(305 281 282)
3(133 139 159)
3(39 38 63)
3(303 304 315)
3(84 101 86)
3(119 123 146)
3(29 12 11)
3(164 161 165)
3(77 55 75)
3(81 60 58)
3(31 6 29)
3(76 59 80)
3(252 247 251)
3(179 205 211)
3(211 206 204)
3(103 106 89)
3(218 186 190)
3(125 103 126)
3(96 76 80)
3(237 241 240)
3(253 270 248)
3(170 174 169)
3(219 186 218)
3(247 243 242)
3(214 242 215)
3(114 100 117)
3(103 125 106)
3(222 196 223)
3(170 191 193)
3(218 222 219)
3(83 61 64)
3(18 17 3)
3(142 162 143)
3(154 153 130)
3(200 205 179)
3(258 230 259)
3(169 147 145)
3(168 167 148)
3(244 238 209)
3(233 265 261)
3(106 125 127)
3(239 238 244)
3(241 266 246)
3(116 113 140)
3(181 208 209)
3(171 149 152)
3(142 119 146)
3(152 149 127)
3(212 213 216)
3(169 164 166)
3(56 59 76)
3(164 169 145)
3(103 118 120)
3(262 285 259)
3(266 292 285)
3(145 161 164)
3(39 63 42)
3(59 36 61)
3(104 124 123)
3(124 107 127)
3(73 75 95)
3(208 181 180)
3(88 69 90)
3(85 66 87)
3(179 184 183)
3(271 253 254)
3(265 262 261)
3(118 116 144)
3(188 184 216)
3(161 158 187)
3(18 46 21)
3(43 20 22)
3(223 225 251)
3(34 36 59)
3(148 146 123)
3(126 122 150)
3(170 193 199)
3(188 187 184)
3(116 118 101)
3(219 247 214)
3(163 159 139)
3(273 269 297)
3(60 35 58)
3(190 189 218)
3(56 30 34)
3(64 61 40)
3(227 198 199)
3(198 227 226)
3(79 97 82)
3(137 140 136)
3(227 224 257)
3(227 257 226)
3(173 198 197)
3(223 251 219)
3(169 174 147)
3(36 40 61)
3(44 67 66)
3(67 45 49)
3(45 67 44)
3(67 49 69)
3(118 144 121)
3(82 97 99)
3(266 269 246)
3(220 217 221)
3(289 290 265)
3(291 290 307)
3(309 307 290)
3(269 266 297)
3(151 152 125)
3(149 171 172)
3(247 219 251)
3(316 314 312)
3(314 316 315)
3(119 104 123)
3(142 117 119)
3(243 244 209)
3(192 189 168)
3(150 172 151)
3(150 147 174)
3(203 229 231)
3(249 256 221)
3(122 126 120)
3(142 167 162)
3(134 133 156)
3(215 208 180)
3(122 120 121)
3(59 56 34)
3(222 218 189)
3(298 274 273)
3(239 206 238)
3(167 142 146)
3(159 189 190)
3(196 192 172)
3(103 86 101)
3(65 42 63)
3(121 144 145)
3(163 189 159)
3(163 167 168)
3(220 191 188)
3(148 167 146)
3(185 157 160)
3(113 116 99)
3(141 158 161)
3(145 122 121)
3(122 145 147)
3(188 216 220)
3(273 297 298)
3(172 168 148)
3(39 42 41)
3(166 191 170)
3(172 150 173)
3(35 38 37)
3(32 35 13)
3(150 122 147)
3(279 255 277)
3(270 243 248)
3(248 243 247)
3(145 144 141)
3(186 185 190)
3(237 240 236)
3(172 192 168)
3(137 158 141)
3(224 227 195)
3(226 225 197)
3(226 197 198)
3(113 99 97)
3(192 222 189)
3(22 49 45)
3(220 194 191)
3(248 252 253)
3(188 191 166)
3(213 217 216)
3(170 199 174)
3(233 206 239)
3(182 177 175)
3(38 35 60)
3(123 149 148)
3(253 252 254)
3(175 177 176)
3(239 244 267)
3(233 261 234)
3(224 195 221)
3(296 309 290)
3(121 120 118)
3(195 194 221)
3(117 100 102)
3(155 178 182)
3(298 301 274)
3(237 263 241)
3(128 129 108)
3(108 109 128)
3(128 113 135)
3(42 65 48)
3(257 254 226)
3(185 160 159)
3(265 290 262)
3(248 247 252)
3(37 39 41)
3(189 163 168)
3(252 226 254)
3(186 219 214)
3(213 207 240)
3(102 119 117)
3(15 35 37)
3(291 262 290)
3(243 270 267)
3(156 157 130)
3(56 76 75)
3(119 102 104)
3(192 196 222)
3(214 215 180)
3(173 174 198)
3(217 220 216)
3(194 220 221)
3(95 111 92)
3(225 226 252)
3(225 252 251)
3(112 109 92)
3(159 190 185)
3(165 161 187)
3(221 255 224)
3(260 237 232)
3(232 237 236)
3(154 130 157)
3(307 308 306)
3(118 103 101)
3(36 34 14)
3(230 261 262)
3(250 278 256)
3(22 21 47)
3(74 94 79)
3(180 186 214)
3(173 197 172)
3(73 78 75)
3(161 145 141)
3(41 15 37)
3(34 11 14)
3(302 276 300)
3(262 259 230)
3(294 306 308)
3(285 262 291)
3(244 243 267)
3(55 31 30)
3(234 236 207)
3(314 298 310)
3(57 32 33)
3(131 110 129)
3(92 73 95)
3(188 165 187)
3(113 134 136)
3(46 43 45)
3(46 47 21)
3(36 14 16)
3(48 68 69)
3(28 52 54)
3(112 92 111)
3(305 282 306)
3(294 293 288)
3(89 68 86)
3(18 15 41)
3(16 40 36)
3(312 311 313)
3(210 206 212)
3(309 310 307)
3(79 78 54)
3(69 49 48)
3(73 92 71)
3(93 71 92)
3(134 130 136)
3(158 181 183)
3(298 314 301)
3(69 68 90)
3(106 127 107)
3(266 263 292)
3(300 276 303)
3(124 104 105)
3(105 88 90)
3(125 152 127)
3(124 149 123)
3(67 88 66)
3(75 78 58)
3(32 57 58)
3(107 90 89)
3(79 54 74)
3(27 31 53)
3(93 91 71)
3(30 56 55)
3(260 283 286)
3(263 260 286)
3(42 47 41)
3(230 236 234)
3(312 314 310)
3(311 303 313)
3(18 44 43)
3(255 276 277)
3(276 255 256)
3(57 54 78)
3(70 50 51)
3(29 32 12)
3(27 51 24)
3(266 291 293)
3(281 260 258)
3(92 108 93)
3(55 53 31)
3(282 287 306)
3(200 176 201)
3(187 183 184)
3(204 206 201)
3(9 33 32)
3(279 257 255)
3(209 210 177)
3(177 183 181)
3(56 75 55)
3(14 1 16)
3(181 209 177)
3(8 7 26)
3(285 287 280)
3(260 281 283)
3(50 25 24)
3(175 154 181)
3(18 41 44)
3(29 30 31)
3(17 4 3)
3(50 24 51)
3(210 204 177)
3(55 77 53)
3(128 109 134)
3(45 41 46)
3(10 2 1)
3(1 4 16)
3(200 203 205)
3(284 305 288)
3(301 315 304)
3(135 113 110)
3(182 158 155)
3(230 229 228)
3(200 201 202)
3(129 130 153)
3(128 130 129)
3(18 19 17)
3(282 281 280)
3(184 179 211)
3(285 292 287)
3(108 92 109)
3(4 1 0)
3(284 288 286)
3(25 23 24)
3(183 177 182)
3(109 112 133)
3(109 133 134)
3(11 1 14)
3(5 9 6)
3(11 12 10)
3(1 2 0)
3(70 71 91)
3(11 10 1)
3(235 207 203)
3(5 8 9)
3(6 7 5)
3(229 232 231)
3(132 131 129)
3(43 22 45)
3(32 13 12)
3(62 82 63)
3(24 6 27)
3(24 23 6)
3(22 20 19)
3(271 268 270)
3(154 180 181)
3(180 154 157)
3(186 180 157)
3(253 271 270)
3(100 114 98)
3(176 155 153)
3(155 176 178)
3(73 53 77)
3(273 274 272)
3(297 293 294)
3(293 297 266)
3(86 103 89)
3(296 311 309)
3(194 193 191)
3(194 195 193)
3(115 112 111)
3(295 299 296)
3(269 250 246)
3(305 284 281)
3(284 286 283)
3(284 283 281)
3(110 108 129)
3(221 256 255)
3(276 302 277)
3(275 279 302)
3(275 302 271)
3(302 279 277)
3(250 256 249)
3(240 207 236)
3(162 167 163)
3(9 29 6)
3(9 32 29)
3(38 39 37)
3(304 274 301)
3(188 166 165)
3(18 3 15)
)


// ************************************************************************* //
