/*--------------------------------*- C++ -*----------------------------------*\
  =========                 |
  \\      /  F ield         | OpenFOAM: The Open Source CFD Toolbox
   \\    /   O peration     | Website:  https://openfoam.org
    \\  /    A nd           | Version:  11
     \\/     M anipulation  |
\*---------------------------------------------------------------------------*/
FoamFile
{
    format      ascii;
    class       labelList;
    location    "constant/region5/polyMesh";
    object      faceRegionAddressing;
}
// * * * * * * * * * * * * * * * * * * * * * * * * * * * * * * * * * * * * * //


2861
(
5880
5881
5882
5883
13549
13550
13551
14123
14124
14125
14126
14143
14144
23496
23497
23498
23499
56773
56774
56775
57162
57163
57164
57165
57205
57206
57207
57208
57209
73704
73705
73749
73750
73751
80974
80975
80976
80977
80978
80979
80980
80981
81115
81116
81157
81158
90749
90750
90751
90752
90767
90768
90769
90776
90777
90778
90878
90879
129124
129125
129126
129165
129166
129167
129201
129202
129236
129237
129238
129239
132933
132934
171002
171003
171004
171005
171089
171090
171091
171178
171179
171180
171184
171185
171186
171194
171195
171196
174581
174582
174583
174597
174598
195190
195191
195192
195939
195940
195941
204890
204891
204892
204916
204917
204918
214987
214988
214989
215002
215003
215004
215012
215013
215014
263441
263442
263443
263452
263453
266688
266689
266690
293905
293906
293907
293908
293931
293932
293933
293977
293978
293979
296365
296366
296367
300216
300217
300218
300237
300238
300239
300240
300241
300242
300243
300315
300316
300317
300326
300329
300330
300358
300359
302132
302133
302134
314832
314833
314834
314835
314866
314867
314868
314913
314914
314915
314916
314975
314976
315015
315016
315057
315058
315059
315060
315151
315152
315153
336988
336989
357613
357614
357615
357616
366684
366685
366686
366915
366916
370382
370383
370384
370385
377044
377045
377046
377047
390375
390376
390377
399882
399883
399884
399885
399928
399929
400016
400017
400018
446542
450864
450865
450866
465102
465103
465104
465105
472386
472387
472388
488636
488637
489294
489295
489296
494344
494345
516402
516403
516404
516405
516406
516407
516408
516409
516492
516493
516494
516495
516529
516530
516531
516565
516566
519928
519929
519930
520081
520082
524650
524651
524652
524690
524698
524699
524700
524707
524708
529626
529627
529628
529629
529662
529663
529664
529721
529722
529723
529739
529740
544192
544193
544194
545699
545700
545701
547159
547160
547161
558723
558724
558725
558726
558729
558730
558731
558734
558735
558757
558758
558843
558844
558845
558849
558850
575982
575983
575984
576055
576056
576057
576067
576068
576069
576109
576110
576111
576128
592114
592115
592116
592117
592140
592141
592142
592143
592184
592185
592186
592187
592194
592195
592244
592245
592310
592311
592312
592313
592385
592386
592387
602784
602785
602786
602787
616652
616653
623089
623090
623091
623942
623943
623944
625066
625067
625176
625177
625178
625183
625184
625185
625186
626518
626519
626520
640516
640517
640518
640916
640917
640968
640969
664933
664934
664935
664941
664942
664943
664944
665010
665024
669974
669975
675394
675395
675396
675397
697295
703220
703221
703222
703657
703658
703780
713886
713887
713888
713889
713890
713891
713892
713925
713926
713951
713952
713985
713986
714051
719659
719660
719661
719662
722404
722405
722406
722418
722419
722420
722421
722477
722478
742956
742957
742958
742959
743062
743063
743064
743081
743082
743083
743261
743262
743263
743276
749953
749954
749955
749956
749982
749983
749984
749985
750135
750136
750155
750156
750157
750168
750169
750170
752138
752139
752140
752141
752147
752148
752192
752193
752243
752386
752387
752388
752522
752523
752555
752556
752557
761635
761636
761637
769152
769153
769154
769155
769159
769160
769211
769212
769213
769214
769243
769244
769245
769246
769247
769248
769260
769261
769299
769300
769303
769304
769305
769306
769352
769353
769354
769358
769359
769423
769442
769443
781900
781901
781902
782650
782651
782652
782653
786048
786049
786050
789964
789965
790066
790067
790092
790093
790094
790095
790169
790170
790171
790347
790348
790349
790355
792633
792634
792635
792653
792654
792660
792661
792662
792743
792744
792745
792751
792752
792764
817769
817770
817771
817772
817833
817834
817835
817836
817911
817912
817913
818029
818030
818055
818056
818061
818062
818063
818401
818402
818403
818725
818726
820223
820224
830257
830258
830259
833804
833805
833806
833807
833915
833916
833917
833920
833921
833948
833949
833950
834094
834095
840884
840885
840886
840887
859037
859038
859039
887878
887879
889343
889344
889345
889346
889473
889474
889514
889515
891675
891676
891677
891678
891857
891858
891859
906011
906012
910938
910939
910962
910963
910964
910965
911057
914658
914659
916386
916387
916388
917004
917005
917006
928967
928968
928969
937449
937450
937451
942155
942156
943092
943093
943094
951826
951827
951828
951829
951939
951940
951941
951971
951972
951973
956874
956875
956876
959840
959841
959842
959898
959899
960596
960597
972632
972633
974690
974691
974692
995043
995044
995308
1000975
1000976
1000977
1001021
1001022
1001088
1001112
1001113
1006705
1006706
1013657
1013658
1017069
1017070
1017071
1017072
1017518
1017519
1017520
1017595
1017596
1017638
1017639
1018609
1018610
1018611
1023335
1023336
1023337
1023338
1023348
1023349
1023350
1023407
1023408
1023452
1023453
1023490
1034983
1034984
1040114
1040115
1040116
1040117
1040127
1040128
1040129
1040130
1040139
1040140
1040141
1040153
1040154
1040229
1040296
1040297
1041364
1041365
1046136
1046137
1046138
1046139
1046200
1046201
1046202
1046209
1046210
1046211
1046212
1046227
1046228
1046229
1046235
1046236
1046237
1046238
1046244
1046245
1046293
1046983
1046984
1046985
1046986
1047051
1047052
1047111
1047112
1047113
1047125
1047144
1047145
1051044
1051045
1051046
1051065
1051066
1051150
1051151
1051152
1051188
1051189
1051223
1055219
1055220
1055221
1060942
1060943
1060944
1061011
1061261
1061262
1061263
1061264
1061271
1061272
1061273
1061325
1061326
1061379
1061380
1061381
1061449
1068929
1068930
1069694
1069695
1069696
1069703
1069704
1069711
1069759
1069763
1086496
1086497
1086498
1086499
1086500
1086501
1086502
1086520
1086535
1086536
1086568
1086580
1086581
1086582
1090052
1090814
1090815
1090816
1090817
1090847
1090848
1090849
1090873
1090874
1090875
1090876
1093081
1101481
1133344
1133435
1133459
1133460
1133461
1139508
1159494
1159495
1159496
1159579
1159580
1159581
1169857
1169858
1169859
1169860
1169884
1169885
1169886
1170120
1170121
1170252
1170253
1170254
1170279
1170280
1170281
1170282
1171103
1186434
1186435
1193132
1193133
1198871
1207792
1207793
1207794
1209096
1209097
1210595
1210596
1210597
1210651
1210652
1210653
1210654
1210739
1210740
1210741
1210798
1210799
1210800
1210801
1218051
1218052
1218053
1218095
1218096
1218163
1218164
1218181
1218182
1218183
1218187
1218325
1222217
1222218
1222219
1222220
1222241
1222242
1222302
1222334
1222355
1222356
1222367
1222368
1222901
1222902
1222903
1227928
1227929
1249221
1249222
1249223
1249258
1249259
1249260
1249351
1249352
1249400
1249464
1249465
1249466
1249552
1249553
1249554
1254750
1263132
1263515
1263516
1263517
1263592
1263593
1263728
1263729
1263730
1263731
1263740
1263741
1263755
1263756
1263757
1263803
1292159
1292160
1292161
1292285
1292286
1292287
1292331
1292332
1292333
1292334
1297243
1297331
1297332
1300795
1300796
1300797
1300798
1301846
1301847
1307736
1307737
1307738
1320047
1320048
1320680
1320681
1320682
1320683
1320751
1320752
1320753
1320776
1320783
1320805
1320815
1320816
1335473
1335474
1335475
1335486
1335487
1335497
1335498
1335499
1335644
1335645
1335646
1335647
1345006
1345007
1345008
1345009
1348029
1348030
1348031
1352319
1352320
1352321
1360487
1360488
1362793
1362794
1362795
1365863
1365864
1365865
1368668
1368669
1368670
1368671
1373904
1373905
1373906
1376372
1376373
1376374
1376375
1376423
1376425
1376458
1376459
1376533
1376534
1376535
1377660
1377661
1377662
1386704
1386705
1386706
1392380
1392381
1394037
1394038
1399387
1399388
1401172
1406729
1406730
1413324
1413325
1413326
1413327
1422238
1422239
1422240
1422241
1424053
1424054
1424055
1425097
1425098
1425099
1425100
1428697
1428698
1428699
1433424
1433425
1433426
1437885
1437886
1440262
1443166
1443167
1443168
1443305
1443345
1443346
1443363
1443364
1443365
1443400
1443401
1444487
1444488
1448189
1448190
1449937
1464942
1464943
1468569
1468570
1471231
1471232
1473098
1473099
1473100
1473424
1473425
1473426
1473432
1473433
1473434
1473474
1473475
1478751
1478752
1478753
1478774
1478775
1478776
1478777
1478848
1478849
1478887
1478888
1478889
1478890
1479028
1482945
1482946
1482947
1491487
1491498
1491499
1491500
1491555
1491556
1491557
1491663
1491664
1495073
1497881
1498052
1498053
1503600
1503601
1503602
1503625
1503626
1503627
1503677
1503678
1503679
1505965
1505966
1505967
1510266
1510267
1510268
1511233
1511234
1511235
1511236
1511293
1511294
1511295
1511296
1511297
1511325
1511326
1511327
1511328
1511329
1511333
1511334
1511397
1511398
1511399
1511839
1514896
1514897
1515263
1515264
1515265
1517259
1517260
1517261
1518602
1518603
1518637
1518638
1518639
1518652
1518665
1518693
1527644
1529041
1529042
1529043
1531115
1531116
1531117
1531118
1531153
1531154
1531155
1531176
1551383
1551384
1551385
1551386
1551778
1551779
1551780
1552896
1552897
1552898
1553687
1553688
1554872
1555039
1555040
1555041
1555061
1555062
1555237
1555238
1555239
1555603
1555609
1555610
1555611
1555642
1555643
1555644
1556562
1556600
1557767
1557768
1557769
1558233
1558234
1560091
1560092
1560093
1562419
1562420
1562421
1565328
1565329
1565529
1565530
1569396
1569397
1572940
1572941
1572942
1572943
1574254
1574255
1574256
1574257
1575428
1575429
1576533
1576534
1584212
1584213
1584214
1585568
1588860
1588861
1588862
1588924
1588925
1588926
1589010
1589011
1589048
1589049
1589080
1590770
1590771
1590772
1592993
1592994
1594231
1594232
1597515
1597516
1597517
1601266
1601267
1605538
1605539
1605540
1605541
1607491
1607492
1609234
1609278
1609279
1609280
1609351
1609352
1611917
1614269
1614270
1614271
1616156
1616157
1632561
1632562
1632563
1636056
1644045
1644046
1649245
1649935
1649936
1649937
1649942
1649943
1649944
1649945
1649973
1649974
1658602
1658603
1658604
1660224
1660225
1665710
1665811
1665812
1665886
1669141
1669142
1673889
1673890
1673891
1682503
1682504
1682505
1682592
1682593
1682594
1688395
1688396
1691018
1691019
1691020
1693243
1693244
1693245
1693374
1693375
1693376
1693377
1693393
1693394
1693395
1693426
1693427
1693428
1693429
1694305
1694306
1695267
1696918
1696919
1696920
1696946
1696947
1697799
1698728
1698729
1698730
1698757
1698778
1698779
1698811
1698814
1698874
1698904
1698905
1699169
1699170
1704059
1704060
1707220
1707221
1707393
1707399
1711980
1714811
1714812
1714813
1715634
1715635
1715636
1715646
1715647
1715648
1715735
1715736
1720002
1720980
1720981
1720982
1720983
1727998
1736290
1736291
1736292
1736576
1736577
1741143
1741144
1741145
1741435
1741436
1747398
1747399
1747400
1747402
1747403
1748720
1748721
1748722
1748723
1748731
1748732
1751802
1753103
1753876
1753877
1753878
1756002
1756003
1759497
1759498
1761092
1761093
1765594
1765595
1765596
1768644
1768645
1774220
1774221
1781640
1781641
1781659
1781660
1781661
1781678
1781679
1781680
1781688
1781689
1781707
1781708
1781709
1781779
1781780
1781817
1782633
1782634
1783011
1783012
1783071
1783072
1783085
1783188
1783189
1789232
1789233
1789234
1793324
1793325
1797807
1797808
1797880
1797881
1797882
1797911
1797912
1797914
1797915
1797946
1799712
1799713
1800258
1800259
1800260
1801154
1805657
1805658
1805659
1807325
1810309
1810310
1810311
1810542
1815098
1815099
1815100
1815249
1815250
1815251
1816802
1816803
1816850
1818049
1820053
1822603
1824689
1827128
1827129
1827990
1827991
1827992
1828905
1828906
1828907
1828908
1829923
1835105
1835106
1835110
1835111
1835112
1835166
1835167
1837133
1837134
1837135
1837136
1839318
1839395
1839396
1842008
1842009
1842010
1845082
1846455
1846456
1846457
1848729
1848730
1848731
1849554
1854107
1854108
1854109
1855400
1855509
1855510
1855511
1855513
1855514
1858748
1858749
1858750
1859434
1863507
1866631
1866632
1866633
1869754
1869755
1870476
1870477
1870501
1870502
1870515
1870516
1872078
1872079
1872080
1872081
1875288
1875289
1879148
1879149
1880646
1880647
1880648
1880649
1882775
1882776
1884225
1884226
1884443
1884444
1884455
1884456
1885688
1885689
1885690
1885695
1885696
1885697
1885711
1885719
1885720
1885721
1885738
1885807
1885808
1887990
1892019
1892020
1892021
1893832
1893853
1893862
1893863
1894004
1894005
1894125
1895063
1895064
1895065
1897764
1897765
1897766
1898417
1898418
1903772
1903773
1904129
1904130
1905150
1905151
1905152
1913313
1915033
1915034
1915035
1915036
1918133
1918134
1918176
1918177
1918248
1918249
1918276
1918478
1918479
1918480
1918513
1918514
1918758
1918759
1921382
1921556
1921557
1921733
1921734
1925213
1925822
1926486
1926487
1926488
1926528
1926722
1927199
1927200
1927201
1927966
1927967
1929456
1929457
1929458
1930506
1930507
1930508
1930902
1933341
1935953
1935954
1935955
1937724
1938214
1939781
1939782
1939847
1939939
1939940
1939941
1939983
1939984
1940001
1940149
1940150
1941938
1941939
1941940
1942740
1942741
1942776
1942777
1942778
1942792
1942793
1942841
1942873
1942874
1943713
1943755
1944126
1944127
1944159
1944160
1944161
1944261
1944284
1944285
1944286
1944311
1944368
1944571
1944572
1944573
1944621
1944622
1944647
1944858
1944859
1944860
1944887
1945046
1945047
1945048
1947234
1948191
1949644
1953507
1955312
1955347
1955348
1955416
1955441
1955488
1955489
1955502
1955503
1955504
1956428
1956429
1958035
1958036
1958037
1958038
1958060
1958061
1958403
1959823
1959824
1960407
1961123
1961124
1961172
1961173
1961174
1962143
1963037
1964151
1964152
1964565
1964566
1964567
1965275
1965276
1965277
1965306
1965372
1965373
1965374
1965439
1966067
1966068
1966069
1966070
1966671
1967809
1968899
1968900
1968901
1969775
1969776
1969857
1969858
1970460
1970466
1972396
1972397
1972398
1972634
1972635
1972636
1973522
1974610
1975138
1975332
1975333
1975657
1976890
1976891
1977072
1977073
1979771
1979772
1982093
1983255
1983415
1985509
1985510
1985723
1985724
1985757
1985758
1985847
1985904
1990635
1994205
1994206
1995257
1995838
1995839
2000811
2000812
2005823
2006496
2006695
2006696
2006697
2006705
2006706
2006717
2006726
2006727
2006731
2006738
2006748
2008274
2008280
2008281
2008289
2008403
2009505
2019888
2022000
2022001
2026972
2027453
2027454
2027455
2029693
2030699
2030700
2033296
2033564
2033828
2034789
2035058
2035418
2038167
2038541
2038542
2039624
2040047
2041303
2042213
2042379
2042428
2042721
2042722
2044218
2044219
2044933
2047529
2051334
2051562
2051951
2052167
2053018
2053390
2056488
2056489
2056560
2056764
2057049
2058807
2058808
2058843
2059125
2059358
2059359
2059360
2060117
2060118
2060119
2061278
2061279
2062446
2062447
2062954
2063026
2063027
2064714
2064715
2064716
2065716
2065832
2066166
2066988
2067843
2067844
2069412
2069790
2069791
2069863
2069864
2070318
2070514
2070515
2070599
2073565
2073667
2073896
2073897
2074315
2074560
2075004
2075423
2075424
2077356
2078337
2079575
2079576
2079603
2079605
2080568
2081014
2081299
2082997
2083193
2083439
2083440
2085419
2085769
2086390
2086391
2086392
2086489
2086490
2086507
2086508
2086544
2086581
2086582
2086636
2087197
2089124
2089862
2092209
2093255
2093369
2093601
2095539
2095911
2096523
2096532
2096651
2096796
2098436
2098437
2100307
2100311
2101369
2101370
2101822
2102428
2102429
2102839
2102840
2103693
2103938
2103939
2106092
2106286
2106287
2106932
2107020
2108364
2109390
2109391
2109395
2109441
2109442
2109443
2109465
2109466
2109494
2109513
2109514
2109521
2110201
2110202
2110984
2110985
2113138
2113769
2113770
2113773
2113774
2113793
2114914
2114915
2115615
2116109
2116821
2116947
2116948
2116969
2116970
2116971
2116999
2117000
2117001
2117002
2117003
2117004
2117011
2117023
2117024
2117420
2117421
2117493
2117494
2117515
2117516
2117517
2118460
2119107
2120100
2120135
2120831
2120832
2121396
2121712
2121713
2122155
2122156
2122233
2122234
2122302
2122337
2122338
2122488
2122840
2123083
2123502
2123645
2123768
2123769
2123797
2123798
2123799
2123801
2123802
2123809
2123810
2123966
2124264
2124518
2125340
2125341
2125560
2125777
2125814
2125871
2126543
2126544
2126693
2126874
2126875
2126952
2126953
2127697
2127698
2127710
2127858
2128672
2128673
2128674
2128967
2129511
2129610
2129611
2129612
2129822
2130593
2130594
2130595
2130743
2131173
2131230
2131231
2131410
2131411
2131412
2131631
2131632
2132102
2132115
2132116
2132473
2132485
2132723
2132724
2133392
2133448
2133665
2133902
2134029
2134137
2134185
2134186
2134194
2134195
2134246
2134540
2134588
2134778
2134810
2135067
2135076
2135324
2135325
2135429
2135457
2135490
2135491
2135494
2135643
2135670
2135671
2135728
2135859
2135860
2135904
2135950
2135973
2136163
2136164
2136259
2136279
2136593
2136883
2137068
2137122
2137789
2137790
2137838
2138055
2138224
2138364
2138403
2138531
2138634
2138717
2138747
2139027
2139195
2139196
2139245
2139350
2139424
2139425
2139649
2139650
2139651
2140025
2140202
2140203
2140209
2140210
2140221
2140289
2140290
2140316
2140417
2140518
2140600
2140977
2141688
2143224
2143225
2145901
2145910
2145911
2145912
2145924
2145982
2149553
2149554
2149555
2151627
2152946
2164881
2166548
2166549
2166550
2167481
2167922
2168376
2168377
2169025
2169027
2169854
2169869
2171052
2171070
2171071
2171711
2171862
2172151
2173498
2175898
2176093
2176786
2176794
2177098
2177241
2178173
2178175
2178178
2178253
2179048
2179051
2179117
2179118
2179606
2179624
2179833
2181352
2182065
2182159
2182160
2182214
2182513
2183897
2183902
2184764
2186198
2187567
2187746
2188490
2188772
2188927
2189410
2189476
2189520
2189963
2189965
2190628
2190632
2191277
2191283
2192536
2192618
2192676
2193317
2193318
2194384
2194388
2194390
2194629
2195795
2196099
2196103
2196541
2196545
2196546
2196548
2197855
2197862
2197863
2198158
2198159
2198274
2198276
2199097
2199100
2199105
2199106
2199108
2199706
2200117
2200128
2200217
2200219
2200226
2200228
2201456
2201461
2201478
2201495
2201564
2202073
2202263
2202264
2202267
2203830
2204949
2204953
2205103
2205898
2206173
2206180
2206377
2206490
2207611
2207888
2208953
2208955
2209682
2209802
2211014
2211324
2211708
2212140
2212375
2212381
2212751
2212757
2212758
2212761
2213839
2213925
2214216
2214222
2214224
2214272
2214280
2214554
2215198
2215203
2215237
2215808
2215813
2215814
2216889
2216891
2216894
2217118
2217159
2217160
2217303
2217830
2219995
2221829
2222585
2222600
2222669
2224231
2224640
2225268
2225505
2225514
2226063
2226065
2226412
2226415
2226418
2226456
2226824
2228551
2228999
2229046
2229661
2229689
2229693
2229708
2229713
2232034
2232452
2232460
2234402
2234404
2234405
2234408
2235703
2235704
2235705
2236792
2239126
2239352
2239353
2240316
2241623
2242134
2243713
2244139
2245046
2245268
2245572
2245693
2246088
2246275
2247796
2248460
2248658
2248684
2248688
2249257
2249264
2249286
2249691
2250604
2250607
2250988
2251288
2251910
2252800
2252861
2253217
2253608
2253610
2253611
2254582
2254978
2257409
2257496
2257650
2257667
2257716
2257833
2257985
2258268
2258550
2259382
2261200
2261359
2261805
2261824
2262030
2262039
2262327
2262479
2263299
2264293
2264594
2264659
2265138
2267287
2267775
2268913
2269702
2269800
2269804
2269813
2271103
2271367
2272184
2272215
2272690
2273432
2274758
2274770
2275667
2276439
2276758
2277009
2277315
2277323
2277324
2277331
2277376
2278717
2278745
2278747
2279548
2280172
2280892
2283727
2285624
2286650
2286818
2288182
2289617
2292222
2292245
2292479
2294524
2295456
2295475
2295490
2296134
2297069
2297416
2297994
2298111
2299125
2299772
2300208
2301070
2301290
2302524
2304705
2305998
2306859
2307073
2308433
2308457
2309393
2312104
2312112
2312119
2313339
2314319
2315710
2316695
2317847
2318337
2319354
2321103
2321192
2325359
2325384
2325393
2326283
2327501
2327688
2327968
2330118
2332286
2332295
2332702
2332974
2333232
2333243
2333261
2333589
2333610
2333802
2333819
2333918
2334057
2334833
2335138
2335659
2337050
2337687
2337726
2338700
2338815
2339345
2339560
2340199
2340526
2340934
2341363
2341852
2342251
2342980
2343248
2343253
2343997
2345158
2345247
2345361
2345538
2345852
2345932
2347037
2348005
2348495
2348571
2349543
2349553
2349573
2349598
2351587
2357054
2358638
2358971
2359072
2359075
2359084
2359085
2359811
2359829
2359835
2359868
2359925
2360377
2360410
2365707
2366827
2367718
2368992
2369485
2369754
2371114
2371734
2373267
2373421
2373580
2373983
2374142
2374281
2374521
2376162
2376389
2377329
2378104
2378673
2378775
2378810
2378997
2379926
2380808
2382180
2384721
2384884
2385172
2385313
2385869
2386105
2388649
2389881
2389900
2390123
2392513
2392892
2393747
2394183
2394939
2395029
2395277
2395929
2396589
2396710
2396801
2397777
2398116
2398186
2398634
2398709
2401088
2401166
2401357
2401713
2401908
2402151
2402304
2402672
2403276
2404285
2404291
2406172
2406987
2407402
2407678
2408061
2408818
2409185
2409363
2409571
2411347
2411637
2412207
2412321
2412349
2412420
2412934
2414818
2415568
2415977
2417750
2417845
2418133
2418837
2418944
2419168
2421114
2421479
2422132
2422257
2422430
2422608
2425105
2426117
2426123
2426956
2427562
2428443
2429843
2430043
2430108
2430994
2432583
2435271
2436532
2436597
2441063
2441873
2443033
2443138
2443987
2444360
2445393
2445550
2445606
2445650
2446103
2446198
2446399
2447162
2447939
2448180
2448359
2449015
2449445
2450899
2451262
2451324
2451376
2451423
2451661
2452133
2452509
2452790
2452794
2452799
2452819
2452858
2452971
2453257
2453473
2453899
2454270
2454453
2454659
2454897
2455371
2455581
2455620
2456167
2456183
2456313
2456319
2456835
2457032
2457050
2457184
2457391
2457857
2457937
2458024
2458202
2458660
2458817
2459033
2459045
2459107
2459560
2459950
2460252
2460500
2460733
2461209
2461308
2461309
2461749
2461805
2461856
2461866
2461879
2462002
2462209
2462251
2462414
2462446
2462478
2462700
2462837
2463030
2463091
2463315
2463334
2463555
2463627
2463828
2463838
2463842
2463858
2463861
2464153
2464441
2464671
2464848
2464918
2464919
2465228
2465312
2465418
2465505
2465697
2465712
2465764
2465962
2466079
2466110
2466414
2466416
2466479
2466519
2466709
2466915
2467176
2467315
2467619
2467632
2467697
2467712
2468190
2468208
2468309
2468405
2468424
2468436
2468548
2468681
2468692
2468704
2468828
2468878
2469033
2469056
2469481
2469730
2469981
2470094
2470458
2470459
2470860
2471056
2471194
2471782
2472898
2472899
2472920
2474354
2475239
2475805
2475806
2476941
2478802
2479303
2479304
2481481
2481743
2483416
2483417
2483701
2483984
2483985
2484455
2484457
2484458
2484945
2485036
2485889
2485900
2485901
2485934
2485948
2486387
2486506
2486721
2486722
2487847
2489650
2489852
2490226
)


// ************************************************************************* //
