/*--------------------------------*- C++ -*----------------------------------*\
  =========                 |
  \\      /  F ield         | OpenFOAM: The Open Source CFD Toolbox
   \\    /   O peration     | Website:  https://openfoam.org
    \\  /    A nd           | Version:  11
     \\/     M anipulation  |
\*---------------------------------------------------------------------------*/
FoamFile
{
    format      ascii;
    class       labelList;
    note        "nPoints:403  nCells:1266  nFaces:2861  nInternalFaces:2203";
    location    "constant/region5/polyMesh";
    object      neighbour;
}
// * * * * * * * * * * * * * * * * * * * * * * * * * * * * * * * * * * * * * //


2203
(
1
128
557
809
281
394
692
3
35
36
37
9
1153
60
114
204
437
23
60
76
7
141
144
958
8
142
143
70
361
10
386
85
1191
1192
13
14
38
122
14
39
291
1083
293
1170
105
292
16
18
45
406
17
464
472
18
638
639
1143
1146
21
203
1222
74
468
1259
520
963
468
572
1221
1222
198
380
25
240
696
1161
127
241
1125
27
132
1161
70
75
83
1099
1125
1151
30
804
1023
216
805
450
1143
1152
49
453
1068
34
236
947
1115
1190
1193
158
386
970
338
637
1053
156
337
1217
39
1170
1199
651
1198
71
307
508
42
178
218
1038
43
804
1080
178
179
1023
520
1221
1222
46
50
408
51
407
410
48
49
452
1114
450
453
454
51
1114
1143
969
1068
827
892
976
54
56
346
347
345
972
1044
56
57
234
235
173
1046
956
972
59
574
1003
1044
956
972
974
395
752
193
195
308
309
63
868
892
571
735
85
87
964
1191
66
73
448
686
207
209
597
68
69
1009
1010
727
728
729
731
1195
142
162
319
1203
307
1203
1212
1228
320
350
455
518
683
82
133
1019
114
208
80
696
697
1082
81
311
947
951
311
1050
1095
1166
238
1002
1050
851
1050
83
219
362
361
1099
85
86
1192
387
87
369
1177
370
1157
90
989
1115
1193
91
1115
1190
91
252
1185
253
1154
274
607
1171
131
255
306
130
177
414
96
97
98
1133
100
578
581
99
1158
577
580
100
1058
1061
996
1056
102
1123
1188
103
104
1187
1129
1180
1188
105
297
1083
1123
109
329
331
997
330
934
997
1077
110
333
855
856
110
1181
1112
1196
333
918
934
979
229
237
1236
215
320
390
433
209
351
116
117
1197
118
610
669
121
492
499
521
601
393
396
559
567
233
567
590
225
560
669
123
1123
1188
1199
126
127
1166
126
241
551
1159
1095
1082
342
431
130
222
232
301
895
224
404
798
133
240
1169
135
137
728
729
136
1200
1201
139
1156
138
309
139
1032
278
208
350
413
666
142
1223
1224
1094
144
792
1025
793
953
146
536
1097
1124
283
537
1183
149
537
1090
149
652
1106
653
152
263
1062
1220
343
541
990
1097
1089
1124
154
263
1088
967
984
1071
156
157
337
339
158
1149
159
1130
160
160
925
993
161
865
846
970
980
262
349
381
164
407
461
1073
167
920
168
169
1250
1251
169
483
484
920
168
1068
889
969
517
916
172
174
235
261
173
174
1096
259
1016
235
966
1007
237
306
1235
220
232
616
752
365
366
714
181
1069
183
1080
183
942
1028
1165
182
469
899
468
572
1226
1226
185
189
1182
186
1168
188
276
1134
188
189
332
277
1264
334
243
308
355
749
192
648
747
884
355
647
749
194
887
648
884
308
310
885
197
801
811
600
738
208
584
248
301
1215
203
205
1227
1258
202
205
1045
203
321
395
633
763
563
679
286
287
585
588
351
503
1253
350
723
211
212
799
801
672
800
802
811
290
291
292
1015
1065
1074
1093
554
908
564
1084
218
564
1069
1147
805
1018
1144
322
432
1216
255
494
797
366
495
568
237
289
1203
392
403
492
567
625
227
1091
1169
1238
228
1144
1237
553
1018
1151
289
519
1248
231
727
1200
731
1201
322
568
393
547
261
954
1046
242
311
319
239
696
1042
240
1075
1091
1091
1151
640
1193
496
1140
245
456
894
1231
246
834
866
247
765
741
1231
379
546
547
250
251
480
1186
254
452
454
253
813
253
254
1150
550
798
259
260
902
904
258
618
694
1016
260
619
941
1007
1148
1139
966
995
497
888
264
265
1158
1220
270
1088
1219
267
996
1061
1098
1133
1138
1158
269
270
1027
1061
299
1000
654
272
273
1103
1167
274
606
275
717
1145
275
718
1137
277
280
1142
279
1067
279
280
630
1032
1265
1134
611
860
1211
283
1074
1124
1090
285
286
487
1092
288
489
855
585
1255
288
1056
1058
994
459
1228
294
650
653
649
651
293
294
1128
298
299
587
588
297
298
1187
299
1110
1118
1081
587
1081
1129
474
303
305
1241
1245
304
1229
1246
427
784
427
1116
324
789
1131
1085
982
1021
1032
1101
313
1037
1104
726
925
1204
316
695
1002
1042
317
695
988
781
900
781
790
1025
392
781
797
798
324
413
554
963
1243
1215
611
612
746
349
404
710
775
1055
710
992
1014
1040
906
992
1014
775
914
1014
1031
330
1181
1184
983
1178
334
1141
334
997
1077
997
1047
336
340
606
886
337
1217
338
1130
340
1149
607
880
364
403
404
611
612
344
345
538
346
539
1194
971
990
1066
348
1035
1046
1003
1034
1044
364
633
353
357
748
647
1078
357
965
1008
1189
848
1078
1008
1078
1140
873
359
889
1079
946
962
989
602
863
946
1251
959
987
1019
632
739
812
857
405
447
382
634
659
505
634
368
371
904
905
369
372
1179
370
371
1155
1001
1148
374
720
733
724
730
823
836
1026
443
477
662
823
431
441
628
667
380
412
680
478
532
1215
432
584
405
477
508
416
420
658
394
449
557
613
402
474
629
388
389
500
501
387
388
768
964
510
922
970
446
455
690
543
680
1233
791
939
546
629
635
755
525
492
1197
415
529
566
845
411
531
558
849
438
624
627
415
806
808
924
433
500
817
504
509
829
549
603
517
407
464
1146
1068
409
471
410
486
930
484
1073
608
681
478
1216
1176
659
924
645
763
659
1048
658
1049
1059
419
1020
1059
711
764
1040
516
1049
423
582
1057
577
923
943
1120
425
973
425
556
767
974
610
765
878
928
429
430
945
1116
430
784
907
688
769
818
752
436
1172
435
768
1006
694
941
1172
446
500
768
566
723
743
570
571
772
440
442
720
1117
441
1039
1109
445
557
444
836
444
544
836
557
646
613
1105
1204
665
517
549
503
751
870
544
724
842
480
1114
454
479
1150
1186
1152
480
861
874
1230
1260
458
985
1243
1244
459
518
519
1246
570
609
693
915
464
465
1108
463
716
1136
592
1160
639
466
472
595
471
930
1113
1136
1167
1227
1069
1227
1258
562
679
1259
472
593
638
1102
1103
504
546
1102
1108
1113
812
850
1043
483
576
499
548
480
813
589
621
623
693
534
677
739
811
517
879
486
916
514
843
1127
678
489
491
1132
490
491
1024
490
994
757
856
573
600
691
815
636
891
504
535
745
749
778
921
1202
506
531
621
1261
532
787
510
502
922
964
817
1036
1252
535
715
764
575
681
837
862
1210
877
617
844
665
513
957
1028
514
957
987
1127
514
942
535
764
992
714
725
985
526
684
684
556
561
556
708
923
658
706
1048
598
660
1041
616
807
963
1243
1248
671
705
1052
657
671
897
1051
596
614
808
596
657
705
1041
570
783
545
534
802
882
604
847
617
537
541
1106
540
539
541
540
1183
542
1060
1106
561
933
576
730
546
1197
548
601
655
636
788
1235
552
1126
1239
1072
1091
1238
1159
1237
751
570
746
803
1211
610
608
878
1043
762
1256
682
820
826
767
787
564
1069
1084
564
1147
591
867
910
1211
691
960
703
828
645
673
737
624
892
822
1163
1092
1112
708
974
984
621
701
678
877
582
1057
579
583
756
759
826
1070
1120
1133
996
1070
1133
583
943
826
838
1232
586
1132
587
1254
1118
1000
1110
663
687
786
601
669
803
936
594
595
1113
594
638
1103
1160
1108
598
622
668
782
830
1225
609
656
758
845
603
655
722
939
643
835
1253
859
875
1214
607
1218
896
773
627
932
927
742
1005
634
828
1225
690
786
846
1210
895
715
944
619
937
1173
1139
1174
754
793
795
796
940
657
845
726
940
1204
926
736
820
881
741
849
1230
821
709
818
1208
762
631
1156
1265
1134
1264
642
753
841
816
661
783
1211
1260
796
1234
955
1153
1102
1146
986
1101
771
892
976
1043
685
773
832
847
722
909
939
1033
676
806
662
809
748
914
749
776
654
1027
1065
651
1128
1135
1093
653
1015
1029
1063
1015
1029
1251
687
689
862
660
808
661
1059
1020
1225
888
701
753
981
781
788
798
690
846
694
838
709
1122
677
819
840
682
754
796
1163
1221
674
675
674
799
763
824
1051
676
799
897
882
1052
738
857
730
1045
1259
787
1232
685
932
684
1221
1234
1236
701
753
830
861
693
1210
890
945
1262
732
758
825
837
893
859
921
1213
740
1176
699
700
699
698
700
1004
948
1082
1042
988
1004
762
829
898
736
1256
707
806
1052
706
707
1041
808
1048
978
1207
712
713
712
725
1049
1040
725
944
1055
715
725
717
719
720
718
1160
1107
1117
1136
1145
1109
784
883
1214
952
782
742
839
1009
1085
1200
1201
733
965
1009
744
753
870
836
1026
774
911
977
1257
772
936
852
835
882
815
785
850
975
1208
1209
878
1105
752
960
785
810
872
748
777
873
915
780
853
914
1031
822
843
942
1165
831
1164
761
833
842
757
994
759
881
821
820
762
774
887
789
931
1212
807
1020
766
834
869
956
770
866
834
907
869
928
803
812
1256
779
780
778
780
778
779
1031
1055
893
876
1261
1262
827
864
839
981
795
929
792
797
919
797
909
794
794
1076
891
953
891
802
801
1051
897
805
917
991
864
912
1154
1228
1242
1248
819
824
1253
1175
927
893
872
899
879
835
831
938
943
926
960
844
840
870
912
1252
874
1260
867
908
871
865
841
857
929
1164
853
884
897
865
864
885
898
876
976
900
1002
1033
854
881
979
906
944
918
1257
1196
979
1024
1086
1241
1247
860
910
981
938
950
1249
890
913
935
869
935
912
1016
1232
926
1189
931
883
910
1260
929
920
886
1171
913
898
887
911
1167
898
991
1251
894
931
917
1149
1218
1038
939
902
905
1240
903
1007
1139
1162
1148
1155
1179
914
913
938
919
982
975
1250
924
977
988
1073
991
955
932
1037
1207
975
1043
1026
1073
943
954
1017
961
1013
936
995
1162
1005
1006
1175
999
992
1263
950
952
949
951
986
1101
950
1115
989
952
1033
962
1025
1224
956
1003
1053
958
959
1076
1127
987
979
983
986
1036
1012
1096
1162
968
973
1030
971
990
1060
998
1250
1053
972
974
984
982
1022
984
1057
993
1053
1206
1024
1045
1079
1071
1130
1205
1056
1016
1017
1079
1249
1038
1080
1058
1179
1240
1004
1033
1261
1036
1240
1011
1012
1012
1011
1195
1140
1189
1022
1067
1233
1099
1223
1131
1265
1032
1084
1112
1094
1064
1081
1076
1054
1219
1060
1088
1035
1089
1066
1119
1111
1117
1122
1071
1096
1100
1141
1182
1075
1062
1065
1074
1132
1158
1124
1219
1074
1090
1135
1065
1098
1194
1077
1121
1120
1089
1075
1126
1164
1100
1083
1166
1129
1131
1087
1244
1242
1243
1097
1196
1135
1224
1126
1194
1138
1121
1178
1166
1113
1105
1107
1109
1219
1109
1111
1255
1119
1137
1181
1186
1241
1180
1254
1122
1142
1161
1223
1170
1198
1145
1171
1220
1184
1168
1169
1167
1152
1258
1185
1159
1191
1185
1190
1157
1200
1177
1191
1165
1226
1165
1182
1175
1176
1174
1176
1175
1179
1192
1184
1187
1194
1193
1195
1199
1203
1213
1208
1206
1207
1209
1208
1210
1213
1262
1214
1216
1218
1259
1229
1262
1263
1231
1233
1235
1236
1239
1239
1263
1263
1247
1246
1247
1250
1253
1255
1257
1265
)


// ************************************************************************* //
