/*--------------------------------*- C++ -*----------------------------------*\
  =========                 |
  \\      /  F ield         | OpenFOAM: The Open Source CFD Toolbox
   \\    /   O peration     | Website:  https://openfoam.org
    \\  /    A nd           | Version:  11
     \\/     M anipulation  |
\*---------------------------------------------------------------------------*/
FoamFile
{
    format      ascii;
    class       vectorField;
    location    "constant/region5/polyMesh";
    object      points;
}
// * * * * * * * * * * * * * * * * * * * * * * * * * * * * * * * * * * * * * //


403
(
(156.994 90.0034 129.472)
(157.125 90.2237 129.197)
(156.934 90.3154 129.334)
(156.819 89.8068 129.213)
(157.043 89.7026 129.332)
(156.124 93.0039 128.484)
(156.336 93.0154 128.22)
(156.047 93.2627 128.372)
(155.994 93.0314 128.268)
(156.265 92.6029 128.361)
(156.974 90.7463 129.071)
(157.111 91.0676 128.618)
(156.823 91.3073 128.686)
(156.688 90.7126 128.827)
(157.293 90.3513 128.588)
(156.481 89.8953 128.612)
(157.193 89.5627 128.803)
(156.946 89.1419 129.071)
(156.668 88.9099 128.692)
(156.788 88.5991 128.832)
(156.976 88.7741 128.693)
(156.571 88.4576 128.631)
(156.623 88.3519 128.468)
(156.077 93.5061 128.107)
(156.203 93.5643 127.68)
(155.982 93.6967 127.677)
(155.913 93.4414 127.978)
(156.453 93.1902 127.582)
(155.908 93.0437 127.609)
(156.72 92.0461 128.321)
(157.052 91.8051 127.845)
(156.714 92.5818 127.741)
(156.432 91.8268 128.106)
(156.107 92.6134 127.974)
(157.301 90.9927 127.891)
(156.323 90.8414 127.983)
(157.353 90.1328 127.93)
(156.192 89.9882 128.109)
(156.029 90.3978 127.553)
(155.987 89.6958 127.785)
(157.16 89.206 127.991)
(156.334 89.0357 128.239)
(155.925 89.0784 127.649)
(156.786 88.5864 128.39)
(156.785 88.7092 127.837)
(156.551 88.4154 128.122)
(156.516 88.5522 128.454)
(156.274 88.4787 128.18)
(155.955 88.4653 127.385)
(156.313 88.2105 127.794)
(156.019 93.72 127.059)
(156.28 93.5183 126.958)
(155.853 93.4919 127.251)
(156.547 92.9212 126.931)
(155.857 92.8809 126.718)
(156.848 92.3165 127.146)
(157.152 91.684 127.084)
(156.199 92.4697 127.141)
(156.326 91.8386 127.108)
(157.357 90.9061 127.019)
(156.125 91.0637 127.244)
(157.367 90.0359 127.002)
(155.911 90.778 126.92)
(155.779 89.9973 127.014)
(157.189 89.2565 126.927)
(155.702 89.1192 126.79)
(156.886 88.6512 126.676)
(156.526 88.2786 127.303)
(155.812 88.4479 126.464)
(156.156 88.1574 126.917)
(156.065 93.636 126.398)
(156.261 93.2581 126.003)
(155.837 93.4084 126.358)
(156.483 92.6172 126.26)
(155.732 92.9096 126.11)
(156.734 92.1757 126.534)
(157.171 91.6045 126.177)
(156.544 92.4394 126.811)
(156.178 92.2602 126.6)
(155.778 92.2185 126.072)
(157.363 90.8138 126.071)
(155.994 91.5093 126.649)
(155.703 91.044 126.104)
(157.367 89.9916 126.032)
(155.58 89.9987 125.988)
(157.207 89.2449 125.897)
(155.578 89.0804 125.799)
(156.9 88.6323 125.651)
(156.507 88.2383 126.317)
(155.749 88.3932 125.484)
(156.098 88.1343 125.951)
(155.956 93.4084 125.795)
(156.409 92.6395 124.871)
(155.963 93.0847 125.027)
(155.733 92.8964 125.47)
(156.851 92.1671 125.547)
(157.172 91.4079 125.125)
(155.592 91.9835 125.107)
(157.353 90.6121 125.271)
(155.497 90.9454 125.051)
(157.336 89.9265 125.093)
(155.425 89.9061 125.013)
(157.191 89.2032 124.942)
(155.425 88.9298 124.668)
(156.876 88.6242 124.672)
(156.491 88.2275 125.323)
(155.737 88.2763 124.649)
(156.07 88.1086 124.989)
(155.846 92.8271 124.065)
(156.123 92.4207 123.749)
(155.553 92.6774 124.188)
(156.854 91.987 124.69)
(156.632 91.8231 123.861)
(155.452 91.971 123.944)
(157.205 90.628 124.268)
(156.998 91.4567 124.276)
(155.274 90.7377 124.211)
(157.274 89.7634 124.322)
(155.195 89.7985 124.233)
(157.121 89.174 124.053)
(155.107 89.2428 124.041)
(154.926 89.6854 123.694)
(154.864 89.2032 123.426)
(156.78 88.6519 123.738)
(156.439 88.2382 124.338)
(155.55 88.3711 123.814)
(155.179 88.8178 123.835)
(155.993 88.121 124.076)
(155.64 92.5707 123.495)
(155.264 92.7663 123.132)
(155.44 92.4744 122.775)
(155.261 92.6422 123.416)
(154.99 92.5448 122.952)
(156.217 91.7521 122.948)
(155.74 92.2877 123.261)
(155.429 92.51 123.519)
(155.252 92.2779 123.274)
(154.807 92.0127 122.769)
(156.93 91.1128 123.699)
(156.669 90.9194 122.975)
(155.057 91.4081 123.446)
(154.671 91.0855 122.829)
(157.114 89.838 123.501)
(157 90.5454 123.392)
(154.947 90.4169 123.577)
(154.535 89.9657 122.923)
(156.974 89.1522 123.333)
(154.521 89.1869 122.751)
(156.573 88.8474 122.863)
(156.241 88.3093 123.322)
(155.054 88.6788 122.888)
(155.647 88.3144 123.023)
(155.888 88.1549 123.398)
(154.864 92.7581 122.055)
(155.111 92.3633 121.709)
(154.607 92.6202 122.107)
(155.84 92.0367 122.604)
(155.625 91.8019 121.832)
(154.469 91.987 121.889)
(156.259 90.8576 122.081)
(156.004 91.5559 122.205)
(154.278 90.8473 122.23)
(156.882 90.1604 122.906)
(156.578 90.0795 122.311)
(154.1 90.1509 122.236)
(153.919 90.613 121.813)
(153.742 90.0066 121.753)
(156.823 89.5111 122.764)
(156.389 89.2968 122.107)
(154.093 89.5314 122.259)
(153.641 89.3683 121.608)
(155.918 88.2461 122.933)
(155.751 88.6314 122.198)
(154.8 88.6492 121.826)
(154.21 88.9287 121.965)
(154.587 92.5712 121.479)
(154.06 92.9123 121.068)
(154.265 92.5101 120.925)
(154.167 92.7015 121.377)
(153.678 92.7636 120.82)
(155.184 91.6898 120.924)
(154.675 92.2202 121.113)
(154.388 92.5168 121.52)
(154.163 92.3097 121.265)
(153.624 92.0777 120.772)
(155.93 91.1597 121.655)
(155.632 90.9069 120.991)
(153.993 91.4234 121.542)
(153.509 90.7847 121.179)
(156.18 89.9144 121.49)
(156.004 90.5907 121.356)
(153.321 89.8733 121.186)
(156 89.1883 121.438)
(153.241 89.3526 121.074)
(152.989 89.6687 120.687)
(153.032 89.2353 120.506)
(155.508 88.9642 120.956)
(154.873 88.7174 121.021)
(154.107 88.7455 121.041)
(153.532 88.9907 121.114)
(153.26 93.2981 120.295)
(153.284 93.1939 119.91)
(152.828 93.613 119.724)
(152.667 93.5032 119.729)
(153.747 92.6777 120.485)
(153.127 92.9827 120.257)
(153.555 92.5349 119.884)
(152.639 93.0022 119.691)
(154.837 91.8595 120.554)
(154.402 91.9093 120.15)
(153.836 92.3499 120.304)
(153.48 92.6036 120.444)
(153.221 92.3546 120.246)
(152.584 91.8661 119.885)
(155.176 90.853 120.26)
(154.865 91.3856 120.135)
(153.057 91.3484 120.461)
(152.533 90.8348 119.941)
(155.849 90.1558 120.915)
(155.417 90.0146 120.353)
(152.98 90.3473 120.58)
(152.593 89.8029 119.844)
(155.786 89.5174 120.83)
(155.368 89.3063 120.388)
(152.895 89.1711 119.769)
(154.888 89.0266 120.256)
(154.055 88.9089 120.027)
(153.399 88.9083 120.286)
(152.679 93.5162 119.437)
(152.273 93.7018 119.056)
(152.417 93.4641 118.8)
(152.287 93.5993 119.315)
(151.993 93.5034 118.94)
(153.194 92.6622 118.987)
(152.774 93.2504 119.255)
(152.475 93.4818 119.412)
(152.283 93.2662 119.231)
(151.826 92.9574 118.79)
(153.921 92.0861 119.701)
(153.639 91.8612 119.004)
(152.15 92.4189 119.335)
(151.755 92.107 118.75)
(154.866 90.8498 119.809)
(154.43 90.9394 119.428)
(154.082 91.599 119.366)
(152.091 91.4288 119.367)
(151.69 91.1805 118.718)
(154.825 90.1992 119.716)
(154.319 90.09 119.205)
(152.054 90.5068 119.261)
(151.595 90.3861 118.565)
(154.999 89.505 119.969)
(154.389 89.4415 119.533)
(153.957 89.7439 118.926)
(153.696 89.2806 119.051)
(152.577 89.3275 118.896)
(152.026 89.848 118.796)
(153.207 89.038 119.256)
(151.911 93.6865 118.16)
(152.076 93.3865 118.003)
(151.623 93.483 118.198)
(152.766 93.0031 118.611)
(152.349 92.842 117.974)
(151.526 92.7584 118.143)
(153.196 91.8642 118.261)
(152.849 92.3996 118.127)
(151.516 92.0801 117.939)
(153.925 91.1418 118.896)
(153.449 90.9535 118.315)
(151.336 90.9709 118.134)
(153.936 90.4136 118.779)
(153.437 89.8749 118.396)
(151.251 90.3779 118.06)
(151.093 90.7382 117.711)
(151.109 90.2736 117.555)
(153.204 89.2828 118.558)
(152.081 89.6423 117.933)
(152.579 89.3186 118.277)
(151.5 89.9714 118.068)
(152.871 89.1881 118.522)
(151.698 93.4242 117.577)
(151.403 93.6285 117.519)
(151.379 93.3081 117.213)
(151.273 93.544 117.588)
(151.146 93.4246 117.32)
(151.806 92.8649 117.654)
(151.272 93.095 117.593)
(151.539 92.7843 117.299)
(151.107 92.8929 117.194)
(152.883 91.8734 117.808)
(152.384 91.8709 117.443)
(151.807 92.43 117.47)
(151.471 92.6853 117.639)
(151.316 92.4363 117.433)
(151.082 92.0293 117.14)
(152.912 91.2863 117.711)
(152.401 90.8413 117.228)
(151.158 91.4866 117.568)
(151.039 90.9387 117.102)
(152.914 90.3782 117.744)
(152.296 90.0621 117.364)
(151.051 90.226 116.996)
(152.789 89.5781 118.022)
(151.673 89.9437 117.015)
(151.363 89.9125 117.335)
(151.174 93.3218 117.147)
(151.241 92.6545 117.025)
(151.629 91.9773 117.005)
(151.199 91.733 116.904)
(151.923 91.2094 116.924)
(151.373 90.9856 116.715)
(151.77 90.4481 116.778)
(151.314 90.3635 116.467)
(151.403 90.1126 116.534)
(151.102 90.3883 116.611)
(151.224 90.0328 116.699)
(151.192 90.1528 116.419)
(154.978 89.8226 121.614)
(155.914 89.2954 123.442)
(154.193 89.5343 120.774)
(155.665 89.7263 122.627)
(156.365 89.399 124.681)
(153.632 89.9045 119.823)
(153.447 91.0346 119.631)
(155.511 90.6473 122.279)
(154.466 90.857 120.7)
(156.555 90.6409 126.383)
(156.167 88.7812 124.132)
(156.191 88.6484 124.855)
(151.863 90.1331 117.804)
(151.343 91.4 117.113)
(156.793 91.2356 128.235)
(152.685 93.4825 119.584)
(155.472 91.9415 123.103)
(153.098 89.4691 119.075)
(156.433 91.8965 126.311)
(156.266 88.6031 125.715)
(153.272 92.1014 119.825)
(152.52 92.9809 119.112)
(156.39 88.4806 128.088)
(154.539 92.5951 121.644)
(156.226 88.5812 126.937)
(152.018 92.3709 118.099)
(154.31 91.7672 121.001)
(155.908 92.5577 124.789)
(151.351 92.9612 117.372)
(151.341 90.258 116.713)
(156.955 90.0068 128.963)
(156.096 92.836 126.414)
(156.112 93.2158 126.692)
(156.877 89.0325 128.51)
(151.601 93.2005 117.78)
(156.125 93.1504 127.978)
(153.831 92.5525 120.732)
(151.504 90.1549 117.134)
(152.603 89.854 118.524)
(154.933 91.4905 121.574)
(155.893 91.9643 123.487)
(156.564 88.4565 128.403)
(156.114 92.4635 126.056)
(151.379 92.2731 117.199)
(152.136 93.2379 118.684)
(155.589 92.6017 123.693)
(151.972 91.6599 117.75)
(156.366 88.5629 127.544)
(153.987 92.252 120.884)
(156.204 88.6766 126.361)
(151.729 92.7873 117.951)
(155.909 88.5062 123.573)
(156.17 93.2114 127.203)
(154.215 92.6098 121.193)
(153.475 92.8355 120.394)
(156.458 92.4179 128.099)
(156.713 91.8451 127.061)
(151.385 93.306 117.47)
(156.027 93.1689 126.103)
(153.833 91.6616 120.399)
(153.232 92.7297 119.95)
(155.137 92.2773 122.638)
(155.341 92.5898 123.268)
(156.082 92.8741 125.779)
(156.974 90.424 128.753)
(156.237 92.849 128.01)
(156.055 93.3388 127.611)
(156.743 91.8884 127.974)
(156.928 89.5332 128.884)
(156.316 92.7845 127.084)
(155.891 92.2668 124.031)
(152.458 93.5483 119.313)
(156.735 88.6497 128.609)
(156.575 88.9805 127.718)
(151.398 90.6982 116.982)
(152.984 92.7327 119.451)
(154.851 92.1929 121.911)
(151.602 91.9934 117.535)
(156.888 90.7193 128.4)
(156.585 92.2618 127.197)
(152.265 93.4635 119.07)
(155.224 92.485 123.086)
(151.878 93.0765 118.17)
(156.071 92.4789 125.425)
(152.922 93.1593 119.744)
(153.218 93.0296 120.087)
)


// ************************************************************************* //
