/*--------------------------------*- C++ -*----------------------------------*\
  =========                 |
  \\      /  F ield         | OpenFOAM: The Open Source CFD Toolbox
   \\    /   O peration     | Website:  https://openfoam.org
    \\  /    A nd           | Version:  11
     \\/     M anipulation  |
\*---------------------------------------------------------------------------*/
FoamFile
{
    format      ascii;
    class       labelList;
    location    "constant/region3/polyMesh";
    object      cellRegionAddressing;
}
// * * * * * * * * * * * * * * * * * * * * * * * * * * * * * * * * * * * * * //


1225
(
741
3836
5180
6075
6105
6128
6137
9721
11041
11225
11307
11869
11888
11897
11912
11932
14041
18856
18889
19672
19695
19711
19743
19762
19773
21605
22194
22224
22239
22247
22253
22275
23111
23113
23120
25485
26196
26318
26355
26431
27924
27940
27970
27973
27975
27989
36434
36511
38084
38089
38101
38104
38112
38130
41951
41955
41980
41983
46875
46898
47238
47262
47277
48651
49349
49370
49374
49402
53528
61734
70184
70192
73799
75774
82469
82593
82629
85023
89938
89958
89965
89969
89973
93716
95103
95126
95166
95556
95647
98068
98077
98078
98107
98153
98194
98412
98483
98487
98506
98527
102383
102412
105470
105494
105497
105499
105517
105537
105555
108111
108137
112260
112298
112301
112307
114264
115824
116235
116245
117620
118050
119680
120017
120064
121005
124102
127496
127499
128499
141870
141892
141895
141950
141951
141958
144564
144638
144639
144643
144648
145489
145534
145858
147383
147402
147415
149261
149277
149285
154827
154832
154880
154885
156079
156102
156352
156362
156396
156431
156455
156517
157137
157226
158116
166361
166425
166512
166541
174520
174531
178060
178077
178778
178791
178818
187238
187260
187274
187304
187344
187354
193989
194004
194028
194045
194047
203368
203400
203404
203411
206234
206261
210395
210583
213938
215664
216029
216129
216238
216266
216267
221251
221283
221304
224521
225094
225788
225791
225810
225860
227003
227636
227722
229541
230274
230964
231455
231476
231481
231483
231494
231563
233253
233851
233862
233893
233896
233920
234046
235604
240420
240479
241344
241399
241412
241463
243127
244042
244051
244072
244098
244103
247761
247787
247790
250655
250664
250666
255222
255575
255593
255671
255704
255718
255738
255745
255748
255920
256079
256257
257148
257156
257159
257167
257201
259994
260058
260067
260089
260095
260110
263534
263539
263541
263599
265015
265047
265052
265084
265104
272402
272449
272473
272506
272512
294582
294584
294589
294597
297065
298931
299260
299303
303065
303109
303396
313627
313672
313677
313702
320154
320157
320158
320168
320174
320180
320183
320184
320220
320267
322724
322749
322757
324636
324662
324677
324679
324718
325956
325961
326141
326168
326210
326250
326308
331371
341007
343474
343489
347236
350402
350429
350441
350475
352917
352993
356003
356029
356041
357907
357934
359059
371305
374433
374441
374444
374498
374837
374845
374878
380418
380426
380555
383869
383870
383880
383898
383926
383938
387808
388765
388781
388801
388816
390160
390179
390189
390197
390198
394847
394850
396392
396470
407333
407334
407338
407379
407391
407411
407432
410718
421151
421164
421176
425566
425582
425588
432234
438857
438858
438861
442477
443329
444414
444415
444436
444449
446306
446326
446348
446361
446394
451992
454892
454896
454910
463373
463375
463381
463405
463441
470589
470631
470636
470679
470690
472489
472580
474862
474868
474889
477098
481704
481729
481774
481811
481827
481900
481913
481919
481934
481952
481955
481981
481994
482000
482025
482037
482038
482163
482181
482235
482238
482248
482303
495617
495647
495656
495683
495687
495714
500308
500320
500328
500345
500354
500381
507857
507861
507874
507901
507912
509625
511035
511067
511076
521240
525213
527613
528970
528994
529053
529055
529069
529117
532887
532951
532966
533004
533849
533852
533916
533931
533944
536209
538741
553953
554542
554754
554756
554797
554809
559673
559701
559980
560003
560040
560570
576416
576420
576438
576458
578268
579508
582610
582784
587163
592449
594729
594736
594808
594810
594832
596614
598701
602557
613644
613849
620434
620475
620491
620499
629442
630113
633580
637107
637140
637951
650107
660776
661088
663787
665286
665298
667182
673198
673244
673254
673707
673716
673794
673817
673834
676908
677779
677995
685512
685552
685556
691282
694393
696355
696360
696374
696390
696417
696482
697979
700389
700390
700418
701132
705857
705918
705937
705940
714770
714851
714871
714892
714907
714913
726046
726864
727813
730104
736114
738413
738450
738492
738496
738502
738508
739096
739112
741971
743225
746006
746714
748470
758046
765309
765409
766138
773690
775615
778119
778317
781149
786565
787669
787679
787686
787691
792877
792886
792906
792910
792944
793382
795907
795942
795963
801910
804425
804427
804469
805718
805789
805832
805836
805866
813347
814925
818749
826164
826176
826191
826192
827347
828450
828452
828476
828513
829669
830069
830100
831502
831528
831547
831581
831603
831632
831666
831715
831946
833754
833929
833955
834437
838668
840941
844584
845881
845965
846122
848835
850914
854862
858713
863180
864923
870276
870290
870305
870391
870510
871427
880804
881257
887538
887599
887636
887654
887659
887664
887695
887746
887812
887816
890655
892057
894902
895109
900584
906292
907278
908916
909098
909134
909194
909250
909658
909772
911499
911725
911814
912202
912642
912669
912939
913100
914334
914570
917419
919952
921103
924880
926572
926994
927555
928012
930796
932218
933629
940022
940864
944352
944447
944486
944511
944523
945444
946610
947170
947907
949190
949193
951759
952068
954961
958884
959367
959982
963263
964720
966044
966490
967674
968494
969191
969671
970630
971247
971617
974116
976650
976683
976782
976900
976906
976911
976984
977985
978318
981202
982062
982860
988407
988430
988580
991327
991945
993379
995629
997765
1005110
1005318
1005881
1007014
1009009
1009402
1010978
1011238
1011630
1011810
1013993
1014720
1014953
1015009
1015625
1016457
1016992
1020146
1020148
1020232
1020411
1020460
1020993
1021129
1022577
1022686
1024205
1024362
1024419
1025132
1025267
1025673
1026228
1027478
1030139
1030230
1031901
1032828
1032974
1033421
1033595
1035237
1035436
1036048
1036202
1036647
1036858
1036980
1037200
1037219
1039063
1039321
1040616
1040968
1041187
1041221
1043094
1044491
1044663
1045285
1046468
1046554
1048273
1049577
1049781
1051023
1055178
1055219
1055832
1056454
1057254
1059494
1059658
1059986
1060065
1060562
1063118
1063140
1063371
1064009
1064532
1064677
1064773
1064828
1065032
1065093
1066243
1066546
1067210
1068442
1068488
1068847
1069100
1069557
1069669
1069707
1069724
1069758
1069784
1070099
1070268
1070503
1070710
1070875
1070950
1071115
1071148
1071231
1071251
1072055
1072143
1072420
1072422
1072608
1072713
1073229
1073230
1073234
1073271
1073286
1073294
1073613
1073619
1073634
1073652
1073855
1073905
1074143
1074400
1074621
1074849
1074989
1075396
1075517
1075539
1075780
1075827
1075845
1075992
1076036
1076179
1076274
1076356
1076385
1076599
1076892
1077521
1077545
1077958
1077999
1078099
1078207
1078405
1078408
1078582
1078594
1078679
1078907
1079329
1079464
1079697
1079933
1080005
1080198
1080501
1080605
1080700
1080901
1080972
1081024
1081118
1081224
1081428
1081492
1081503
1081828
1081857
1081963
1082125
1082372
1082706
1082712
1082799
1082803
1082809
1082869
1082875
1083058
1083087
1083248
1083418
1083498
1083512
1083790
1083876
1084091
1084131
1084312
1084334
1084603
1084980
1085007
1085141
1085150
1085198
1085403
1085498
1085619
1085717
1085718
1085730
1085789
1085847
1086125
1086271
1086431
1086615
1087200
1087232
1087321
1087646
1087711
1087968
1088288
1088311
1088449
1088547
1088702
1088787
1088791
1088804
1089087
1089247
1089318
1089532
1089583
1089837
1089882
1089902
1089975
1089994
1090069
1090124
1090190
1090237
1090487
1090622
1090693
1090908
1090933
1090982
1091076
1091243
1091430
1091487
1091491
1091569
1091573
1091601
1091635
1091757
1091896
1091917
1091929
1091939
1091949
1092004
1092009
1092093
1092115
1092165
1092174
1092241
1092485
1092495
1092795
1092878
1092900
1093005
1093118
1093124
1093127
1093141
1093146
1093240
1093250
1093328
1093428
1093441
1093462
1093613
1093720
1093723
1093855
1093960
1093994
1094038
1094103
1094110
1094274
1094432
1094611
1094734
1094896
1094965
1095007
1095153
1095493
1095652
1096184
1096189
1096208
1096211
1096256
1096352
1096691
1096739
1096813
1096944
1097088
1097434
1097477
1097721
1097793
1097810
1098248
1098290
1098410
1098420
1098486
1098543
1098588
1098658
1098720
1098726
1098927
1098950
1099033
1099038
1099043
1099044
1099056
1099248
1099338
1099555
1099557
1099626
1099735
1099755
1099861
1100025
1100119
1100225
1100273
1100402
1100454
1100462
1100555
1100649
1100781
1100861
1100872
1101138
1101443
1101501
1101807
1101826
1101838
1102165
1102390
1102510
1102560
1102771
1102924
1103024
1103103
1103180
1103182
1103189
1103201
1103327
1103417
1103748
1103866
1103965
1104587
1106093
1108997
1109001
1109024
1109039
1112838
1112847
1112850
1112866
1112883
1117713
1123461
1123462
1131048
1131049
1136931
1136932
1137977
1137978
1137987
1142416
1142417
1142418
1142678
1142723
1142733
1142743
1144154
1144155
1144156
1144399
1144498
1144972
1144973
1148435
1148475
1148482
1148502
1148552
1148568
1148569
1149561
1149579
1153497
1153498
1156801
1156802
1157272
1157283
1157347
1157348
1157366
1157409
1157437
1157452
1157453
1157479
1157612
1157635
1157718
1157724
1157750
1159441
1159442
1162107
1163723
1163724
1163726
1164071
1164072
1165917
1165918
1165919
)


// ************************************************************************* //
