/*--------------------------------*- C++ -*----------------------------------*\
  =========                 |
  \\      /  F ield         | OpenFOAM: The Open Source CFD Toolbox
   \\    /   O peration     | Website:  https://openfoam.org
    \\  /    A nd           | Version:  11
     \\/     M anipulation  |
\*---------------------------------------------------------------------------*/
FoamFile
{
    format      ascii;
    class       labelList;
    location    "constant/region3/polyMesh";
    object      faceRegionAddressing;
}
// * * * * * * * * * * * * * * * * * * * * * * * * * * * * * * * * * * * * * //


2757
(
2874
2875
2876
2877
14335
14336
14337
19182
19183
19184
19185
22376
22377
22378
22481
22482
22557
22558
22589
35159
35160
35161
35162
39739
39740
39741
40373
40374
40375
40655
40656
40657
42561
42562
42563
42564
42625
42626
42627
42655
42656
42657
42704
42705
42706
42769
42770
49943
49944
49945
66171
66172
66173
66275
66276
68883
68884
68885
68886
68964
68965
68966
69017
69018
69019
69131
69132
69133
69191
69192
69226
69227
69228
75275
75276
75277
75278
77245
77246
77247
77346
77347
77348
77349
77397
77398
77422
77423
77424
77445
77446
77447
77448
77517
77518
77519
80291
80292
80293
80294
80299
80300
80301
80319
80320
80321
80322
88102
88103
88104
90414
90415
90416
90812
90813
90927
90928
90929
91185
91186
91187
96034
96035
96036
96037
96092
96093
96094
96192
96193
96202
96206
96207
96251
96252
96253
123408
123409
123410
123411
123646
123647
123648
128687
128688
128689
128702
128703
128736
128737
128738
128746
128747
128771
128772
128773
128829
128830
128831
140972
140973
140974
140975
140987
140988
140989
141064
141065
141066
141073
156433
156434
156435
156436
156510
156511
157596
157597
157598
157599
157674
157675
157676
157718
157719
161994
161995
164205
164206
164207
164208
164271
164272
164273
164283
164284
164285
164365
164366
164367
164368
177183
177184
177185
202510
202511
202512
202513
228159
228160
228161
228162
228180
228181
239159
239160
239161
245114
245115
245116
265163
265164
265165
265538
265539
265540
265541
265645
265646
265647
272837
272838
287538
287539
287540
287541
287600
287601
287602
287617
287618
287630
287640
298607
298608
298609
298610
302682
302683
302684
302685
302751
302752
302753
302754
302869
302870
304022
304023
304024
304296
311395
311396
311397
311398
311424
311425
311426
311427
311428
311429
311507
311508
311645
311646
311763
311764
311765
312417
312418
312419
312621
312622
312634
312635
312636
312690
312691
312692
312754
312755
323930
323931
323932
324020
324021
324022
332843
332844
332845
332846
332909
332910
332917
332918
332923
332924
332976
332977
332978
332979
333040
333041
333042
333093
333094
340558
340559
340560
340634
340635
340636
352594
352595
352596
352597
352710
352711
352712
352713
352722
352723
352724
352740
352741
352742
352743
358322
358323
358324
358325
362930
362931
362932
364098
364099
364100
364132
364133
364134
368171
368172
368173
369423
369424
369425
369426
374184
374185
374186
375180
375181
375322
375323
375324
375325
378039
378040
378041
386902
386903
386904
396569
396570
396571
396572
396578
396579
396580
399406
399407
399408
437072
437073
437074
437075
437138
437139
437140
437141
437148
437149
437150
437151
437301
437302
437303
437322
444628
444629
444630
444828
444829
444830
444831
444832
444833
444834
444845
444846
444859
444860
447232
447233
447234
447353
447354
448256
452498
452499
452500
452501
452550
452551
452552
452583
452584
457598
457599
457600
457601
457649
457650
457651
457670
457671
457672
473059
473060
473061
473075
473076
473205
473206
473207
473208
473221
473222
476516
476517
476518
476574
476575
477267
477268
477269
477270
477298
477299
477388
477389
477390
477483
477484
477550
477551
477727
479459
479460
479461
479462
479715
479716
482145
482146
482147
482148
504691
504692
504693
504866
504867
504868
505096
505097
505098
505171
505172
505173
526834
526835
526836
526837
526864
526865
526866
536327
536328
536329
536330
536374
536375
536376
538280
538281
538282
538283
538315
538316
538317
538391
538392
560952
560953
560954
560955
561014
561015
561016
561056
561057
561134
561135
561136
561242
561268
561269
579009
579010
579011
579012
579040
579041
579042
579104
579105
579147
579148
579152
579153
579154
603876
603877
603958
603959
603968
603969
603986
603987
603988
611522
611523
611524
611525
611599
611600
622465
622466
622467
622972
622973
631702
631703
636243
636244
636245
637173
637174
637175
637435
637436
637437
637726
637727
637728
637797
637798
637799
637800
650815
650816
650817
650902
650903
650955
660756
660757
662559
662560
662561
662562
662566
662567
662618
662619
662761
662762
665738
665739
667362
667363
672260
672261
674139
674140
674141
674142
675956
675957
677245
677246
677247
677302
677303
677304
677314
677315
677319
677320
677345
677519
677520
681893
681894
681895
683420
683421
683422
683451
683452
683534
683540
683594
683907
687898
687899
687900
700265
700266
700267
700268
700412
700413
702643
702644
702775
702776
702807
702808
702936
702937
702938
707203
707204
709545
709546
709547
709569
709570
709571
709620
709621
709687
709688
709689
709701
709702
719041
719042
719043
719107
719108
719109
719113
719114
719115
726422
726423
726424
726425
726444
726445
726446
726450
726451
737914
737915
738807
738808
738809
738810
738856
738857
738858
739041
739042
739129
739130
739131
739157
739158
739159
739208
739209
739210
739230
739231
739239
739691
739692
740079
740080
740520
740521
742716
742717
742736
742737
742738
742739
742746
742747
742748
742767
742768
742769
742847
742848
749883
749884
749885
749886
750053
750054
750076
750077
750132
750133
750134
750148
750149
750150
750186
750187
758722
758723
758724
758725
758732
758733
758737
758738
758739
758890
762434
762435
762436
762437
762515
762516
762524
762525
762608
762609
762610
762654
762655
762656
780882
781002
781003
781004
781061
781062
781063
781139
781140
781141
835685
835686
835687
835691
835692
835693
835705
835706
835720
841750
841751
841752
846355
846356
847159
847160
847161
847162
847267
856580
856581
856582
856678
856679
856680
856681
857364
857365
857366
857367
882303
882304
882305
882415
882416
882426
882427
882428
882484
897997
897998
897999
898007
898008
898009
898010
898011
898012
898013
898036
898037
898050
898051
898052
898063
898064
898065
898071
898072
898073
898074
898075
898162
898163
898164
898269
904126
904127
904128
904185
904186
904203
904204
908672
908673
908731
908732
908733
908768
908769
908772
908773
908857
908858
911698
911699
911711
911712
911713
912148
912149
912150
912204
912205
912301
912302
912393
912394
912395
912532
912533
912534
924587
924588
947379
947380
947381
953161
953162
953192
962036
962037
962038
962039
969444
969445
969446
969513
969543
969618
975236
975413
975414
982300
982301
982365
982366
982389
982390
986718
989358
989359
989360
1017544
1017545
1017546
1024735
1024751
1024752
1024753
1024760
1024761
1024880
1024881
1025638
1025639
1025640
1025657
1025658
1025747
1025748
1038291
1038292
1038293
1038314
1038606
1038607
1038608
1046086
1046087
1046088
1046089
1046090
1046091
1046114
1046115
1046147
1046148
1046149
1046206
1046207
1046208
1046239
1054966
1054967
1054968
1057157
1057158
1057159
1057160
1057199
1057200
1057240
1060211
1060212
1060213
1060214
1060258
1060259
1060281
1060282
1060299
1070647
1070652
1070653
1070654
1074058
1074059
1074060
1074238
1074239
1074240
1098525
1098526
1098527
1098528
1098529
1098530
1098539
1098540
1098630
1098653
1098654
1098655
1098701
1098745
1106082
1106083
1106084
1106085
1129258
1129259
1129282
1129283
1129284
1129309
1138896
1138897
1138898
1138899
1138937
1138951
1138952
1153326
1153327
1153328
1167639
1167640
1167641
1167642
1167648
1167649
1175486
1175487
1175488
1177379
1177380
1177381
1177382
1179724
1179725
1179726
1179727
1179728
1179729
1179730
1179773
1179774
1179775
1179776
1179805
1183735
1183736
1183737
1183778
1183825
1183826
1183855
1183856
1183931
1195926
1195927
1202175
1202176
1202177
1202187
1202188
1202217
1220170
1220171
1220172
1220174
1220175
1220176
1220188
1220189
1220236
1220237
1220314
1235391
1235392
1235393
1235394
1235474
1235475
1235487
1235582
1235609
1235610
1239296
1239297
1239298
1239483
1244252
1244253
1244254
1244265
1244266
1244298
1244299
1248941
1248942
1248943
1258556
1258557
1258558
1258605
1258606
1258607
1258710
1258711
1258712
1258713
1258800
1258801
1258802
1258833
1258834
1258981
1258982
1258983
1259010
1259011
1259012
1259013
1259026
1259058
1259059
1259060
1259061
1259100
1259101
1259107
1259108
1259188
1259189
1259255
1259256
1259282
1259283
1259284
1259285
1259286
1259287
1259288
1259549
1259550
1259551
1259552
1259584
1259585
1259586
1259704
1259705
1259706
1259707
1259713
1259714
1259736
1259737
1259849
1287388
1287389
1287390
1287442
1287443
1287468
1287469
1287518
1287519
1287520
1287526
1287527
1287581
1297020
1297021
1297022
1297023
1297041
1297042
1297043
1297057
1297058
1297094
1297095
1297112
1297113
1297167
1297168
1312418
1312419
1312420
1312427
1312428
1312429
1312430
1312451
1312452
1312453
1312498
1312519
1312520
1316025
1316026
1316027
1318953
1318954
1318955
1318956
1319026
1319027
1319040
1319041
1319042
1319043
1339514
1339515
1347497
1347498
1347499
1347500
1352330
1355056
1355057
1355104
1355105
1355106
1355213
1355214
1355215
1355219
1355220
1355221
1355254
1355255
1362856
1362857
1362986
1362987
1362988
1363017
1363018
1363091
1363092
1364793
1364794
1364800
1364801
1364923
1364957
1364958
1364959
1364978
1364979
1369468
1374470
1374471
1404292
1404293
1405451
1405848
1405849
1405853
1405854
1405929
1405930
1405931
1405956
1415389
1415390
1415391
1415455
1415456
1415457
1416009
1416010
1416011
1416049
1416050
1416122
1417125
1447569
1447570
1447571
1447579
1447580
1447581
1447606
1447607
1447640
1451032
1451033
1453372
1459202
1459203
1459204
1459513
1459514
1467821
1467822
1477612
1477613
1477614
1481854
1481855
1481856
1481863
1481864
1481865
1482005
1482006
1482010
1482011
1482048
1482049
1485377
1485378
1485379
1489306
1496431
1496432
1516626
1516627
1516628
1516998
1516999
1529032
1529033
1529034
1529035
1529115
1529116
1529117
1529148
1529149
1529150
1529158
1545344
1545345
1545346
1546586
1546587
1546588
1552792
1552793
1558998
1558999
1559060
1559061
1559062
1560490
1560491
1581900
1581901
1600322
1600861
1600862
1600863
1605575
1605576
1608126
1608127
1608128
1608129
1608149
1608150
1608151
1608152
1611474
1611475
1621754
1621834
1622606
1622607
1622608
1622618
1622619
1622750
1622751
1622793
1622825
1627986
1627987
1627988
1629515
1629516
1629517
1629866
1642300
1642379
1642384
1651831
1651832
1656913
1660045
1660046
1660054
1660074
1660075
1660103
1660133
1660134
1660237
1662673
1662674
1666473
1666474
1666475
1666476
1666536
1667739
1667740
1667741
1675437
1675438
1675544
1675545
1675573
1675574
1675577
1675578
1689843
1689980
1690047
1690074
1708997
1708998
1708999
1710526
1714047
1714048
1723375
1723376
1726880
1726881
1726945
1726997
1726998
1727005
1727006
1727007
1727014
1727023
1727910
1727911
1727912
1732386
1732387
1732388
1732389
1734368
1734369
1738614
1738615
1739730
1739731
1742424
1756952
1756953
1756954
1767909
1767910
1768040
1769066
1769067
1780239
1783036
1786675
1786676
1786954
1786955
1791115
1791116
1791117
1799065
1800643
1800644
1800652
1800665
1800666
1808157
1808158
1808168
1808197
1808203
1808251
1808857
1808858
1812438
1812486
1812514
1812515
1824564
1824565
1824634
1826430
1826431
1826509
1826563
1826564
1826565
1826571
1826572
1826616
1836953
1836954
1839089
1839090
1839091
1839092
1844464
1854623
1854624
1854625
1854640
1854641
1854663
1854664
1856260
1856261
1856262
1857800
1857801
1857802
1857803
1857880
1859479
1859480
1859481
1860022
1860023
1860057
1860058
1862028
1862029
1862059
1862089
1862139
1862170
1862171
1862190
1862191
1862240
1862638
1862639
1865093
1865094
1865322
1865323
1865324
1865359
1871772
1871773
1874821
1874822
1879623
1879624
1879625
1881437
1881438
1881550
1881755
1893137
1893138
1898098
1898099
1898100
1903924
1903925
1906137
1906138
1912994
1912995
1913020
1913021
1913271
1913272
1914465
1914466
1914467
1926343
1926911
1926912
1926913
1934738
1934739
1934809
1934810
1934864
1934865
1934886
1934887
1934894
1934899
1934900
1934901
1934935
1934936
1935073
1935074
1935080
1938654
1940377
1943804
1943805
1944061
1950827
1950828
1950829
1958977
1960966
1961178
1961179
1961180
1961181
1961220
1961221
1961295
1961296
1961297
1961364
1961365
1961840
1961841
1964043
1964319
1964320
1964321
1964418
1964419
1964420
1964900
1964901
1964902
1965445
1965446
1965471
1965802
1965803
1965804
1967504
1967505
1967506
1967798
1971109
1971110
1971111
1974140
1974141
1979887
1979888
1979889
1981815
1982291
1982929
1983444
1983445
1983446
1986666
1986667
1988369
1989959
1989960
1989961
1997186
1998122
1998123
1998124
2002067
2002068
2002189
2002190
2002233
2002261
2002270
2004549
2005179
2007421
2007426
2010219
2010567
2010568
2010569
2013758
2013759
2018053
2018573
2018574
2019251
2022754
2022755
2024349
2024350
2025792
2025793
2026284
2027546
2027547
2028360
2028361
2029056
2029549
2029550
2029551
2031157
2031158
2031548
2031549
2034168
2034169
2036807
2036941
2036942
2036943
2037051
2037052
2037059
2037060
2037130
2038198
2041547
2042418
2043212
2043213
2048742
2048743
2048744
2048763
2051697
2052294
2053759
2053760
2055999
2056000
2058162
2065391
2065392
2065601
2066156
2066157
2067197
2067198
2067199
2069122
2069503
2069504
2070973
2071218
2071219
2071787
2071788
2073811
2073812
2074694
2074695
2074752
2074753
2076066
2076560
2079464
2079540
2079723
2079769
2080249
2081654
2081655
2081656
2081745
2083093
2083094
2083095
2083224
2083225
2083278
2083279
2083912
2084878
2084879
2086031
2086032
2088311
2088312
2088392
2088393
2089757
2090572
2091070
2091225
2092591
2093248
2093249
2093250
2093387
2093388
2093768
2093769
2093770
2093950
2094235
2094236
2094237
2094249
2094250
2095942
2096968
2097235
2097236
2097400
2097401
2097421
2097422
2097423
2098956
2100025
2100159
2100160
2100632
2100633
2101569
2101644
2103917
2104064
2104065
2104986
2107971
2108003
2108004
2108447
2111056
2111057
2111164
2111373
2111374
2111375
2111422
2111759
2111760
2111761
2113474
2113487
2113488
2113653
2113654
2114082
2114083
2114084
2114564
2114565
2114566
2114631
2114632
2114633
2114674
2115658
2115659
2117225
2117525
2117526
2117699
2118024
2118025
2118108
2118109
2118110
2118158
2118159
2118183
2118194
2118432
2118533
2118685
2118844
2118967
2119109
2119110
2119131
2119812
2119813
2119814
2119985
2119987
2120083
2120505
2120506
2120511
2120512
2120544
2120555
2120765
2120766
2120791
2120937
2120938
2120971
2120972
2121150
2121348
2121349
2121350
2121525
2121526
2121689
2121690
2121805
2121806
2122098
2122099
2122194
2122219
2122426
2122434
2122560
2122594
2123034
2123262
2123263
2123750
2124081
2124148
2124149
2124150
2124223
2124224
2124377
2124379
2124511
2124512
2124520
2124744
2125040
2125142
2125143
2125315
2125498
2125568
2125718
2125960
2126064
2126143
2126144
2126291
2126292
2126293
2126362
2126404
2126405
2126473
2126474
2126762
2126763
2126807
2126808
2126814
2127077
2127097
2127098
2127185
2127518
2127519
2127782
2127856
2127859
2127860
2127861
2127866
2127867
2127913
2127916
2128046
2128047
2128070
2128071
2128072
2128202
2128392
2128393
2128633
2128701
2128846
2128882
2129016
2129038
2129261
2129544
2129570
2129571
2129672
2129673
2129680
2129681
2129682
2129854
2129926
2130073
2130074
2130085
2130086
2130138
2130188
2130189
2130419
2130546
2130547
2130663
2130801
2131227
2131317
2131608
2131609
2131610
2131807
2132042
2132059
2132164
2132165
2132417
2132419
2132420
2132432
2132739
2132795
2133197
2133198
2133199
2133214
2133285
2133336
2133372
2133415
2133449
2133609
2133703
2133913
2133914
2134133
2134239
2134269
2134273
2134274
2134328
2134346
2134363
2134570
2134576
2134584
2134684
2134685
2134701
2134702
2134741
2134742
2134973
2134974
2135176
2135230
2135243
2135314
2135315
2135316
2135394
2135395
2135413
2135415
2135474
2135526
2135527
2135601
2135602
2135609
2135620
2135621
2135704
2135773
2135775
2135861
2135947
2136013
2136014
2136588
2136680
2136993
2137314
2137318
2137319
2137332
2137333
2137406
2137615
2137758
2138066
2138204
2138205
2138247
2138552
2138659
2138660
2138743
2138779
2138780
2138781
2138924
2138925
2138929
2138930
2139226
2139260
2139509
2139553
2139571
2139661
2139869
2139870
2139873
2140382
2140402
2140659
2140968
2141029
2141107
2144106
2144107
2144108
2144109
2146425
2146426
2146436
2152708
2157048
2157049
2160409
2160410
2160994
2163430
2163431
2163432
2163433
2163573
2164384
2164837
2166755
2166799
2167323
2169372
2171073
2171313
2171355
2171398
2171479
2171493
2171540
2172413
2174555
2174721
2175614
2175615
2176097
2176203
2176206
2176208
2176209
2176489
2176538
2176660
2176957
2176959
2177003
2177004
2177006
2177166
2177169
2177417
2177428
2177535
2177536
2178079
2178162
2178163
2178405
2178738
2178848
2178892
2179184
2180429
2180676
2180807
2181489
2181825
2181826
2181828
2182266
2182434
2182448
2182452
2182752
2183007
2183008
2183009
2183011
2183845
2185926
2186141
2186218
2186254
2186395
2187061
2187170
2187191
2187202
2187268
2188108
2189227
2190052
2190056
2190061
2190751
2190753
2190756
2191716
2192051
2192532
2192920
2193151
2193166
2193175
2193178
2193783
2194142
2194207
2194287
2194506
2194736
2194936
2194937
2194939
2195124
2195192
2195195
2195196
2195200
2195221
2195944
2196058
2196063
2196366
2197071
2197593
2197647
2197649
2197653
2197655
2197656
2197695
2197838
2197843
2198154
2198606
2199658
2199664
2199667
2199670
2202354
2204536
2204538
2204540
2204546
2205444
2205445
2205446
2205448
2205454
2205463
2205786
2205794
2205795
2206041
2206215
2206244
2206250
2206255
2206910
2208183
2209490
2209824
2210261
2210267
2210537
2210538
2210707
2212367
2212843
2212844
2212904
2213718
2214211
2214212
2214221
2214802
2214961
2214965
2215160
2215876
2216105
2216115
2217634
2217650
2219707
2219709
2220371
2222423
2222935
2223233
2223235
2223539
2223545
2224873
2224874
2224877
2226226
2226239
2227445
2227447
2227797
2228513
2229296
2229311
2229325
2229331
2229335
2229340
2229342
2229344
2229350
2229390
2231628
2231639
2232442
2232444
2233709
2233716
2234248
2237160
2237388
2237408
2238075
2238079
2238089
2238257
2238258
2239176
2242052
2242060
2242920
2246028
2246032
2246387
2246638
2247285
2248078
2249600
2251124
2253399
2253438
2254744
2254750
2256558
2256706
2257398
2258144
2258152
2258322
2265810
2265826
2265965
2265973
2265978
2266881
2266933
2268673
2268675
2271333
2271338
2271370
2271731
2272312
2272313
2272320
2273675
2273678
2275925
2275938
2275940
2279880
2281472
2282134
2282135
2282141
2282282
2282287
2283333
2284293
2284725
2289499
2291913
2292472
2293164
2295725
2296047
2296053
2296055
2297613
2297614
2297623
2298531
2300432
2301260
2301277
2301690
2301715
2301737
2304115
2305856
2308276
2308283
2308284
2309003
2309005
2309029
2309554
2310020
2310026
2310034
2310053
2310092
2310774
2310838
2311002
2313212
2314984
2316706
2318065
2323779
2323786
2323821
2324230
2327868
2328035
2330565
2330582
2330607
2332430
2333624
2333721
2338589
2340135
2340894
2341000
2342146
2342249
2345297
2347897
2348363
2348589
2350615
2354516
2354972
2356885
2356908
2356927
2357411
2358719
2359387
2360751
2360914
2365006
2365341
2368107
2369123
2369808
2370737
2371034
2371635
2372243
2375355
2375514
2375519
2376398
2378800
2382970
2383093
2386359
2387946
2389452
2394866
2397545
2399017
2399203
2399493
2399641
2401857
2402038
2402084
2402571
2403230
2403636
2406048
2406250
2406288
2406713
2406824
2406825
2406826
2408067
2409431
2409987
2410098
2410860
2411881
2415460
2416206
2416829
2418170
2418338
2419492
2419590
2419791
2421296
2421510
2422594
2422882
2423063
2423093
2424637
2425962
2426482
2427563
2429002
2430083
2430256
2431303
2435368
2435892
2436567
2438848
2441489
2441681
2442865
2443080
2444030
2444269
2444811
2445812
2446693
2446780
2446806
2446820
2446869
2447127
2447459
2447751
2447814
2447942
2447970
2448051
2448674
2448956
2448958
2449112
2449205
2449619
2449631
2449636
2449883
2449889
2449901
2449911
2450063
2450806
2451298
2451310
2451488
2451525
2451645
2451678
2451785
2451855
2451935
2452092
2452295
2452739
2452755
2453079
2453146
2453350
2453351
2453532
2453690
2454082
2454410
2454461
2454796
2454919
2455280
2455416
2455670
2455691
2455869
2456259
2456318
2456324
2456503
2456631
2456812
2456990
2457214
2457335
2457350
2457765
2457914
2458296
2458598
2458702
2459200
2459221
2459285
2459497
2460062
2460164
2460413
2460511
2460726
2460898
2460927
2460985
2461621
2461796
2461956
2462013
2462030
2462052
2462123
2462211
2462233
2462247
2462284
2462286
2462348
2462357
2462436
2462598
2462605
2462794
2462861
2462998
2463001
2463003
2463011
2463078
2463375
2463449
2463512
2463526
2463553
2463599
2463700
2464070
2464114
2464240
2464462
2464915
2464931
2464934
2464957
2465024
2465275
2465323
2465409
2465779
2465940
2466280
2466305
2466390
2466399
2466443
2466507
2466552
2466586
2466717
2466732
2466783
2466786
2466790
2466800
2466936
2467139
2467141
2467265
2467519
2467707
2467740
2467744
2467807
2467867
2467949
2468009
2468018
2468203
2468427
2468636
2468652
2468882
2469037
2469118
2469153
2469305
2469408
2469475
2469587
2469602
2469741
2469974
2470111
2470560
2471398
2472179
2472181
2472189
2472194
2473096
2473098
2473102
2473108
2474269
2477691
2479317
2479318
2479611
2480966
2480967
2481051
2481060
2481490
2481491
2481585
2482897
2482914
2482918
2482933
2483312
2483318
2484688
2485904
2485905
2486087
2486093
2486121
2486126
2486159
2486170
2486210
2486217
2486248
2486262
2486932
2488070
2488837
2488838
2488991
2489899
2489900
)


// ************************************************************************* //
