/*--------------------------------*- C++ -*----------------------------------*\
  =========                 |
  \\      /  F ield         | OpenFOAM: The Open Source CFD Toolbox
   \\    /   O peration     | Website:  https://openfoam.org
    \\  /    A nd           | Version:  11
     \\/     M anipulation  |
\*---------------------------------------------------------------------------*/
FoamFile
{
    format      ascii;
    class       faceList;
    location    "constant/region3/polyMesh";
    object      faces;
}
// * * * * * * * * * * * * * * * * * * * * * * * * * * * * * * * * * * * * * //


2757
(
3(62 63 299)
3(172 62 299)
3(172 299 63)
3(172 63 62)
3(297 170 169)
3(81 297 169)
3(81 170 297)
3(272 300 298)
3(272 297 300)
3(300 297 298)
3(272 298 297)
3(25 24 393)
3(25 393 33)
3(393 24 33)
3(25 14 393)
3(393 14 24)
3(25 47 393)
3(393 47 14)
3(393 33 47)
3(218 141 392)
3(141 311 392)
3(218 311 141)
3(218 392 311)
3(115 317 94)
3(94 317 116)
3(115 116 317)
3(317 94 190)
3(94 115 190)
3(317 190 115)
3(317 350 94)
3(317 116 350)
3(94 350 116)
3(330 211 385)
3(370 330 385)
3(370 211 330)
3(370 385 211)
3(135 330 211)
3(135 385 330)
3(135 211 385)
3(330 385 136)
3(370 136 385)
3(370 330 136)
3(211 215 330)
3(221 211 330)
3(221 330 215)
3(350 190 317)
3(350 94 190)
3(82 297 181)
3(297 169 181)
3(82 169 297)
3(382 244 253)
3(382 252 244)
3(382 253 252)
3(382 244 254)
3(382 254 253)
3(351 122 303)
3(351 76 122)
3(76 303 122)
3(351 303 76)
3(199 303 110)
3(303 122 110)
3(199 122 303)
3(303 71 74)
3(76 71 303)
3(76 303 74)
3(303 110 71)
3(199 303 71)
3(199 71 110)
3(71 41 303)
3(303 41 74)
3(303 333 71)
3(71 333 110)
3(303 110 333)
3(304 297 299)
3(304 299 92)
3(297 92 299)
3(304 92 297)
3(363 109 100)
3(108 363 100)
3(108 109 363)
3(252 363 318)
3(363 342 318)
3(252 342 363)
3(252 318 342)
3(109 197 363)
3(363 197 100)
3(363 109 318)
3(363 318 197)
3(318 109 197)
3(342 305 244)
3(305 363 244)
3(342 244 363)
3(342 363 305)
3(252 243 318)
3(252 363 243)
3(363 318 243)
3(393 352 13)
3(314 13 352)
3(314 393 13)
3(314 352 393)
3(352 14 393)
3(352 13 14)
3(393 14 13)
3(393 23 314)
3(371 314 23)
3(371 393 314)
3(371 23 393)
3(304 297 170)
3(304 170 299)
3(297 299 170)
3(316 57 65)
3(36 57 316)
3(36 316 65)
3(316 102 65)
3(57 102 316)
3(102 333 316)
3(316 333 65)
3(102 65 333)
3(301 333 316)
3(301 316 102)
3(301 102 333)
3(392 369 223)
3(309 392 223)
3(309 223 369)
3(309 369 392)
3(144 223 392)
3(369 223 144)
3(369 144 392)
3(223 141 392)
3(218 223 392)
3(141 392 144)
3(218 309 392)
3(218 223 309)
3(309 392 125)
3(218 309 125)
3(218 125 392)
3(193 117 390)
3(117 350 390)
3(193 350 117)
3(193 390 350)
3(29 15 302)
3(29 302 16)
3(16 302 15)
3(59 30 388)
3(388 30 29)
3(59 388 29)
3(30 388 51)
3(388 59 51)
3(30 302 388)
3(388 302 29)
3(30 29 302)
3(302 388 51)
3(302 51 30)
3(388 28 29)
3(302 28 388)
3(302 29 28)
3(377 388 51)
3(377 51 302)
3(377 302 388)
3(357 220 330)
3(221 357 330)
3(221 220 357)
3(221 330 220)
3(330 135 220)
3(357 220 135)
3(330 357 135)
3(221 357 140)
3(357 330 140)
3(221 140 330)
3(330 211 220)
3(2 384 10)
3(2 337 384)
3(10 384 337)
3(2 10 337)
3(2 384 1)
3(10 1 384)
3(252 368 382)
3(252 382 342)
3(252 342 368)
3(382 368 342)
3(382 252 209)
3(382 209 368)
3(368 209 252)
3(244 382 342)
3(252 244 342)
3(393 23 33)
3(24 23 393)
3(205 391 353)
3(391 119 353)
3(205 119 391)
3(205 353 119)
3(391 133 119)
3(391 214 133)
3(391 119 214)
3(391 353 328)
3(205 391 328)
3(205 328 353)
3(372 391 328)
3(372 214 391)
3(328 391 214)
3(372 328 214)
3(306 7 20)
3(306 22 7)
3(306 20 22)
3(297 113 298)
3(263 113 297)
3(263 297 298)
3(263 298 113)
3(208 207 368)
3(208 368 348)
3(207 348 368)
3(208 348 207)
3(368 197 207)
3(368 208 197)
3(143 345 145)
3(143 146 345)
3(345 146 145)
3(349 89 99)
3(349 100 89)
3(349 99 100)
3(82 297 300)
3(297 181 300)
3(82 300 181)
3(317 367 115)
3(317 192 367)
3(317 115 192)
3(115 367 192)
3(317 367 131)
3(367 115 131)
3(317 131 115)
3(171 169 297)
3(171 297 170)
3(196 390 366)
3(196 195 390)
3(390 195 366)
3(196 366 195)
3(196 390 119)
3(366 196 119)
3(366 119 390)
3(196 193 390)
3(390 193 195)
3(196 117 390)
3(119 117 390)
3(277 373 276)
3(373 347 276)
3(277 276 347)
3(277 347 373)
3(359 221 381)
3(359 381 222)
3(221 222 381)
3(359 222 221)
3(359 137 221)
3(359 151 137)
3(359 221 151)
3(221 137 151)
3(359 137 381)
3(221 381 137)
3(119 118 391)
3(391 118 353)
3(119 353 118)
3(118 391 133)
3(46 360 389)
3(378 46 389)
3(378 360 46)
3(378 389 360)
3(46 389 47)
3(393 46 47)
3(393 389 46)
3(393 47 389)
3(360 47 46)
3(389 47 360)
3(393 46 13)
3(393 13 47)
3(393 389 378)
3(393 378 46)
3(378 42 46)
3(378 360 42)
3(360 46 42)
3(141 125 311)
3(311 125 137)
3(141 311 137)
3(141 125 392)
3(125 311 392)
3(381 218 311)
3(381 141 218)
3(381 311 141)
3(218 311 215)
3(381 218 215)
3(381 215 311)
3(217 311 215)
3(217 218 311)
3(282 281 347)
3(282 347 280)
3(347 281 280)
3(282 322 347)
3(347 322 281)
3(282 281 322)
3(329 388 59)
3(67 329 59)
3(67 59 388)
3(67 388 329)
3(51 388 60)
3(59 60 388)
3(329 29 59)
3(329 388 29)
3(329 59 66)
3(67 329 66)
3(60 388 80)
3(60 80 58)
3(388 58 80)
3(60 58 388)
3(58 48 388)
3(58 388 49)
3(388 48 49)
3(388 58 27)
3(388 27 48)
3(372 120 328)
3(372 391 120)
3(328 120 391)
3(372 120 348)
3(372 348 328)
3(328 348 120)
3(340 95 326)
3(94 340 326)
3(94 326 95)
3(94 95 340)
3(350 340 193)
3(350 193 190)
3(340 190 193)
3(350 190 340)
3(107 340 193)
3(107 193 350)
3(107 350 340)
3(107 312 340)
3(107 95 312)
3(340 312 95)
3(107 340 95)
3(364 188 325)
3(364 325 246)
3(364 246 188)
3(325 188 246)
3(0 2 337)
3(0 384 2)
3(0 337 384)
3(246 325 280)
3(280 325 279)
3(246 279 325)
3(280 373 325)
3(246 373 280)
3(246 325 373)
3(276 325 373)
3(277 373 325)
3(277 325 276)
3(144 307 224)
3(224 307 376)
3(144 224 376)
3(144 376 307)
3(145 376 345)
3(143 376 145)
3(143 345 376)
3(377 388 60)
3(377 60 51)
3(32 378 344)
3(23 344 378)
3(32 23 378)
3(32 344 23)
3(254 188 325)
3(364 254 325)
3(364 188 254)
3(301 71 316)
3(301 333 71)
3(333 316 71)
3(315 251 332)
3(201 315 332)
3(201 251 315)
3(201 332 251)
3(332 105 251)
3(315 251 105)
3(332 315 105)
3(247 272 300)
3(247 300 298)
3(247 298 272)
3(344 374 387)
3(19 387 374)
3(19 344 387)
3(19 374 344)
3(306 20 387)
3(344 387 20)
3(344 306 387)
3(344 20 306)
3(18 387 20)
3(374 20 387)
3(374 18 20)
3(374 387 18)
3(387 7 20)
3(387 306 7)
3(387 7 18)
3(344 374 20)
3(351 74 75)
3(351 77 74)
3(351 75 77)
3(347 386 292)
3(291 292 386)
3(291 386 347)
3(291 347 292)
3(322 292 347)
3(322 386 292)
3(322 347 386)
3(282 322 292)
3(282 292 347)
3(292 322 291)
3(386 291 322)
3(95 96 326)
3(326 96 85)
3(95 326 85)
3(96 326 340)
3(96 340 95)
3(181 297 171)
3(351 123 212)
3(76 212 123)
3(351 76 123)
3(351 212 76)
3(122 121 303)
3(122 303 70)
3(303 121 70)
3(303 351 121)
3(122 121 351)
3(84 326 355)
3(84 355 94)
3(326 94 355)
3(84 94 326)
3(85 326 355)
3(84 326 85)
3(84 85 355)
3(63 355 94)
3(63 84 355)
3(63 94 84)
3(385 140 136)
3(385 136 77)
3(385 77 140)
3(385 140 330)
3(136 330 140)
3(370 330 215)
3(137 215 330)
3(137 370 215)
3(137 330 370)
3(136 77 370)
3(385 370 77)
3(33 393 389)
3(33 378 393)
3(33 389 378)
3(63 299 93)
3(62 93 299)
3(192 191 332)
3(332 191 115)
3(192 115 191)
3(192 332 115)
3(191 332 251)
3(332 192 251)
3(191 106 332)
3(332 106 115)
3(191 115 106)
3(106 332 251)
3(106 251 191)
3(106 105 332)
3(332 105 115)
3(105 251 106)
3(369 125 138)
3(369 309 125)
3(369 138 309)
3(138 125 309)
3(369 125 145)
3(369 145 138)
3(375 331 113)
3(113 331 250)
3(375 113 250)
3(375 250 331)
3(10 384 8)
3(10 8 337)
3(8 384 337)
3(22 384 306)
3(22 7 384)
3(384 7 306)
3(7 8 384)
3(384 8 0)
3(7 384 0)
3(22 384 10)
3(22 10 306)
3(384 306 10)
3(205 348 328)
3(205 214 348)
3(205 328 214)
3(348 214 328)
3(205 207 328)
3(205 348 207)
3(348 328 207)
3(229 221 149)
3(229 151 221)
3(229 149 151)
3(149 221 151)
3(324 221 149)
3(324 229 221)
3(324 149 229)
3(232 327 346)
3(232 346 161)
3(232 161 327)
3(346 327 161)
3(327 229 232)
3(346 232 229)
3(327 346 229)
3(232 346 156)
3(161 156 346)
3(383 225 345)
3(148 225 383)
3(148 383 345)
3(148 345 225)
3(307 383 225)
3(307 345 383)
3(307 225 345)
3(154 225 383)
3(154 383 148)
3(383 225 159)
3(383 231 225)
3(383 159 231)
3(383 154 159)
3(307 383 231)
3(307 231 225)
3(331 268 219)
3(331 309 268)
3(219 268 309)
3(331 219 309)
3(127 331 213)
3(213 331 128)
3(127 128 331)
3(331 268 213)
3(331 213 219)
3(250 331 268)
3(250 213 331)
3(375 331 127)
3(375 127 113)
3(113 127 331)
3(326 96 173)
3(326 173 85)
3(173 326 340)
3(96 173 340)
3(94 340 173)
3(94 173 326)
3(340 173 190)
3(94 340 190)
3(94 190 173)
3(279 256 339)
3(279 339 361)
3(256 361 339)
3(279 361 256)
3(339 246 256)
3(339 279 246)
3(325 246 238)
3(364 325 238)
3(364 238 246)
3(325 277 238)
3(325 246 277)
3(163 232 327)
3(163 327 229)
3(113 103 297)
3(297 103 298)
3(113 298 103)
3(163 327 161)
3(160 327 163)
3(160 161 327)
3(329 29 26)
3(329 26 34)
3(329 34 29)
3(329 26 28)
3(329 28 27)
3(329 27 26)
3(329 29 28)
3(28 27 388)
3(329 388 27)
3(329 28 388)
3(326 94 64)
3(355 326 64)
3(355 64 94)
3(84 173 326)
3(84 94 173)
3(95 64 326)
3(205 206 348)
3(348 206 214)
3(188 254 339)
3(254 382 339)
3(188 382 254)
3(188 339 382)
3(254 209 382)
3(254 382 252)
3(254 339 325)
3(188 325 339)
3(254 209 339)
3(382 339 209)
3(118 353 328)
3(118 328 391)
3(355 85 64)
3(85 326 64)
3(328 205 109)
3(207 328 109)
3(61 82 300)
3(61 300 60)
3(61 60 82)
3(82 60 300)
3(42 393 378)
3(42 46 393)
3(364 275 325)
3(254 325 275)
3(364 254 275)
3(364 245 325)
3(275 245 364)
3(275 325 245)
3(325 254 280)
3(325 279 254)
3(254 276 325)
3(280 325 276)
3(325 275 276)
3(254 339 279)
3(279 339 325)
3(301 71 72)
3(301 67 71)
3(301 72 67)
3(142 381 222)
3(142 222 359)
3(142 359 381)
3(141 381 222)
3(141 142 381)
3(222 218 381)
3(222 215 381)
3(381 221 215)
3(348 207 206)
3(353 328 109)
3(118 109 328)
3(118 353 109)
3(322 343 380)
3(322 282 343)
3(343 282 380)
3(322 380 282)
3(322 292 294)
3(322 294 282)
3(374 18 31)
3(374 31 20)
3(374 19 18)
3(18 19 387)
3(374 17 18)
3(374 19 17)
3(374 379 18)
3(374 17 379)
3(18 379 17)
3(82 297 61)
3(297 300 61)
3(322 284 380)
3(343 380 284)
3(322 343 284)
3(256 284 380)
3(256 322 284)
3(256 380 322)
3(284 380 257)
3(256 257 380)
3(285 380 284)
3(285 343 380)
3(285 284 343)
3(285 380 257)
3(284 285 257)
3(390 107 366)
3(107 195 366)
3(390 195 107)
3(196 366 318)
3(195 318 366)
3(196 318 195)
3(109 196 366)
3(109 366 318)
3(109 318 196)
3(100 349 363)
3(323 100 363)
3(323 363 349)
3(323 349 100)
3(100 185 349)
3(174 100 349)
3(174 349 185)
3(363 100 185)
3(363 185 349)
3(272 300 240)
3(247 240 300)
3(363 184 323)
3(323 184 87)
3(363 87 184)
3(363 323 87)
3(184 323 336)
3(323 363 336)
3(184 336 363)
3(184 98 323)
3(323 98 87)
3(357 140 149)
3(357 149 221)
3(149 140 221)
3(156 324 226)
3(150 226 324)
3(156 150 324)
3(229 324 226)
3(226 324 232)
3(229 232 324)
3(226 227 324)
3(229 324 227)
3(324 232 156)
3(98 323 336)
3(98 336 184)
3(98 97 323)
3(323 97 87)
3(97 336 98)
3(97 323 336)
3(18 31 379)
3(374 379 31)
3(17 356 379)
3(356 15 379)
3(17 379 15)
3(17 15 356)
3(356 379 43)
3(17 43 379)
3(17 356 43)
3(43 379 31)
3(31 379 44)
3(43 44 379)
3(31 379 15)
3(18 15 379)
3(42 378 371)
3(42 12 378)
3(378 12 371)
3(42 371 12)
3(42 393 371)
3(393 378 371)
3(378 42 21)
3(12 378 21)
3(393 371 13)
3(42 393 13)
3(42 13 371)
3(42 32 378)
3(344 42 378)
3(344 32 42)
3(360 42 32)
3(360 32 378)
3(99 323 86)
3(349 99 86)
3(349 323 99)
3(349 86 323)
3(323 86 97)
3(99 323 97)
3(323 363 108)
3(108 363 336)
3(323 108 336)
3(323 100 108)
3(358 60 377)
3(358 81 60)
3(358 377 81)
3(377 60 81)
3(80 377 388)
3(80 60 377)
3(358 51 377)
3(358 60 51)
3(80 28 388)
3(80 377 28)
3(377 388 28)
3(51 377 50)
3(358 50 377)
3(358 51 50)
3(347 280 292)
3(347 283 322)
3(322 283 386)
3(347 386 283)
3(256 283 322)
3(281 322 283)
3(256 322 281)
3(283 284 322)
3(283 322 293)
3(322 284 293)
3(145 376 224)
3(145 224 345)
3(224 376 345)
3(145 376 369)
3(224 145 369)
3(224 369 376)
3(145 376 125)
3(376 369 125)
3(125 143 376)
3(264 339 361)
3(264 279 339)
3(264 361 279)
3(213 375 331)
3(213 127 375)
3(214 372 134)
3(134 372 348)
3(214 348 372)
3(214 134 348)
3(280 373 276)
3(210 348 208)
3(210 208 368)
3(210 368 348)
3(229 327 334)
3(157 327 229)
3(157 229 334)
3(157 334 327)
3(230 308 365)
3(158 308 230)
3(158 230 365)
3(158 365 308)
3(271 321 289)
3(269 289 321)
3(271 269 321)
3(289 270 321)
3(270 271 321)
3(289 264 321)
3(285 321 264)
3(285 289 321)
3(264 321 269)
3(201 129 315)
3(315 129 127)
3(201 315 127)
3(320 287 343)
3(284 343 287)
3(320 284 287)
3(320 343 284)
3(213 375 251)
3(251 375 250)
3(213 250 375)
3(375 251 201)
3(213 375 201)
3(299 375 250)
3(299 251 375)
3(299 250 251)
3(295 290 320)
3(295 320 285)
3(320 290 285)
3(375 315 251)
3(105 375 251)
3(105 315 375)
3(315 332 129)
3(201 129 332)
3(320 288 295)
3(320 295 287)
3(320 287 288)
3(288 290 320)
3(177 319 178)
3(177 187 319)
3(187 178 319)
3(178 175 319)
3(175 177 319)
3(178 238 319)
3(175 319 238)
3(243 318 195)
3(252 195 318)
3(336 318 195)
3(336 243 318)
3(336 195 243)
3(363 108 318)
3(318 108 109)
3(366 336 318)
3(366 195 336)
3(382 305 244)
3(382 342 305)
3(45 17 374)
3(45 374 19)
3(44 374 17)
3(44 379 374)
3(44 17 379)
3(204 203 317)
3(317 203 192)
3(204 317 192)
3(204 131 317)
3(203 317 131)
3(130 317 204)
3(130 131 317)
3(317 130 350)
3(116 130 317)
3(116 350 130)
3(190 192 350)
3(317 350 192)
3(190 317 192)
3(272 300 179)
3(300 240 179)
3(38 316 66)
3(38 41 316)
3(316 41 66)
3(129 105 332)
3(129 315 105)
3(201 375 315)
3(299 113 297)
3(113 250 297)
3(299 250 113)
3(299 297 250)
3(347 373 280)
3(281 280 373)
3(347 281 373)
3(347 283 281)
3(280 347 276)
3(373 281 246)
3(81 297 82)
3(81 61 82)
3(81 297 61)
3(372 139 214)
3(372 134 139)
3(134 120 348)
3(134 372 120)
3(372 133 214)
3(372 139 133)
3(22 384 8)
3(249 273 299)
3(274 249 299)
3(274 299 273)
3(248 182 299)
3(250 248 299)
3(250 299 182)
3(389 33 47)
3(179 235 297)
3(179 297 272)
3(297 235 272)
3(179 181 297)
3(235 297 181)
3(33 378 23)
3(378 393 23)
3(146 383 345)
3(146 345 148)
3(146 148 383)
3(225 147 345)
3(147 148 345)
3(383 345 143)
3(146 383 143)
3(229 327 162)
3(162 327 334)
3(229 162 334)
3(162 163 327)
3(149 229 157)
3(149 327 229)
3(149 157 327)
3(0 9 314)
3(314 9 3)
3(0 314 3)
3(9 23 314)
3(9 314 393)
3(9 393 23)
3(8 314 9)
3(8 23 314)
3(314 4 352)
3(314 13 4)
3(352 4 13)
3(314 3 352)
3(314 4 3)
3(352 3 4)
3(8 314 0)
3(47 313 83)
3(47 53 313)
3(313 53 83)
3(1 306 387)
3(1 387 19)
3(387 306 19)
3(1 19 306)
3(1 7 387)
3(1 306 7)
3(1 18 387)
3(337 371 23)
3(12 23 371)
3(337 12 371)
3(337 23 12)
3(314 23 337)
3(314 337 371)
3(378 23 371)
3(378 12 23)
3(371 13 314)
3(350 193 192)
3(117 107 390)
3(117 350 107)
3(107 350 390)
3(336 107 108)
3(336 97 107)
3(336 108 97)
3(183 184 312)
3(183 312 194)
3(184 194 312)
3(351 212 370)
3(351 370 211)
3(212 211 370)
3(351 211 212)
3(370 123 212)
3(351 123 370)
3(135 140 385)
3(135 385 77)
3(135 140 330)
3(135 211 351)
3(135 351 370)
3(135 370 211)
3(370 211 215)
3(215 370 212)
3(90 301 91)
3(301 300 91)
3(90 300 301)
3(90 91 300)
3(96 183 340)
3(173 340 183)
3(312 96 183)
3(312 183 340)
3(312 340 96)
3(340 183 190)
3(319 186 177)
3(319 177 354)
3(186 354 177)
3(319 354 186)
3(319 186 187)
3(319 175 354)
3(175 177 354)
3(249 273 297)
3(297 273 299)
3(249 297 299)
3(320 295 343)
3(343 295 287)
3(343 285 295)
3(320 285 343)
3(295 293 343)
3(287 343 293)
3(104 113 297)
3(92 297 113)
3(92 104 297)
3(199 301 73)
3(111 199 73)
3(111 301 199)
3(111 73 301)
3(175 310 174)
3(354 174 310)
3(175 174 354)
3(175 354 310)
3(186 310 174)
3(174 310 100)
3(186 100 310)
3(310 88 174)
3(310 174 349)
3(174 88 349)
3(310 349 88)
3(88 175 310)
3(219 223 369)
3(219 369 309)
3(219 309 223)
3(125 369 392)
3(224 369 223)
3(224 144 369)
3(369 144 125)
3(144 392 125)
3(224 369 219)
3(342 197 363)
3(342 318 197)
3(296 293 322)
3(296 322 294)
3(322 293 294)
3(293 322 291)
3(296 291 322)
3(283 322 291)
3(206 368 252)
3(206 342 368)
3(206 252 342)
3(382 368 198)
3(382 198 342)
3(198 368 342)
3(210 368 252)
3(210 206 368)
3(198 209 368)
3(198 382 209)
3(368 209 210)
3(202 367 192)
3(202 192 332)
3(367 332 192)
3(202 332 367)
3(317 203 367)
3(367 203 192)
3(203 367 131)
3(202 367 203)
3(367 129 203)
3(131 129 367)
3(331 309 126)
3(331 126 268)
3(268 126 309)
3(331 128 219)
3(366 196 353)
3(119 353 196)
3(119 366 353)
3(196 353 109)
3(366 109 353)
3(366 119 107)
3(390 107 119)
3(278 249 297)
3(261 278 297)
3(261 297 249)
3(249 242 299)
3(248 299 242)
3(248 249 299)
3(230 308 166)
3(230 166 365)
3(166 308 365)
3(157 334 308)
3(157 165 334)
3(157 308 165)
3(165 308 334)
3(308 230 157)
3(308 157 158)
3(230 158 157)
3(166 165 308)
3(230 308 165)
3(228 307 144)
3(228 152 307)
3(152 144 307)
3(231 365 307)
3(231 228 365)
3(231 307 228)
3(365 228 307)
3(228 307 224)
3(365 228 230)
3(365 338 228)
3(338 230 228)
3(365 230 338)
3(230 231 365)
3(365 231 166)
3(307 383 365)
3(383 231 365)
3(307 225 228)
3(307 224 225)
3(159 166 365)
3(159 365 231)
3(365 153 383)
3(365 383 143)
3(365 143 153)
3(383 153 143)
3(365 153 159)
3(383 159 153)
3(365 159 383)
3(143 338 307)
3(338 365 307)
3(143 365 338)
3(143 307 365)
3(143 338 152)
3(338 307 152)
3(143 152 307)
3(238 364 319)
3(305 238 319)
3(305 319 364)
3(305 364 238)
3(178 238 364)
3(178 364 319)
3(245 325 238)
3(364 245 238)
3(364 178 246)
3(305 363 184)
3(244 184 363)
3(244 305 184)
3(184 363 185)
3(185 363 87)
3(305 185 184)
3(305 363 185)
3(363 184 243)
3(363 243 336)
3(336 243 184)
3(336 318 363)
3(336 108 318)
3(363 244 243)
3(341 362 38)
3(38 362 35)
3(341 35 362)
3(341 38 35)
3(38 66 362)
3(341 66 38)
3(341 362 66)
3(316 362 38)
3(316 66 362)
3(38 362 39)
3(362 35 39)
3(341 66 40)
3(341 40 38)
3(39 316 362)
3(39 38 316)
3(256 255 339)
3(255 361 339)
3(256 361 255)
3(361 264 321)
3(361 265 264)
3(321 264 265)
3(361 321 265)
3(264 361 285)
3(282 285 361)
3(264 282 361)
3(361 285 321)
3(361 255 264)
3(361 265 255)
3(103 297 300)
3(103 300 61)
3(103 61 297)
3(355 313 55)
3(54 355 55)
3(54 313 355)
3(54 55 313)
3(63 355 55)
3(355 94 55)
3(84 63 313)
3(84 83 63)
3(313 63 83)
3(84 313 83)
3(199 76 71)
3(199 303 76)
3(112 268 298)
3(113 268 112)
3(113 112 298)
3(113 298 268)
3(110 303 70)
3(360 47 79)
3(360 79 46)
3(79 360 313)
3(47 79 313)
3(47 313 360)
3(79 32 360)
3(79 360 42)
3(79 42 32)
3(79 360 63)
3(63 360 313)
3(79 63 313)
3(360 63 32)
3(79 32 63)
3(306 21 10)
3(306 22 21)
3(19 21 344)
3(344 21 45)
3(19 344 45)
3(1 306 384)
3(1 384 7)
3(21 19 306)
3(10 306 19)
3(142 137 359)
3(142 359 151)
3(359 152 222)
3(142 152 359)
3(142 137 381)
3(338 222 359)
3(338 359 152)
3(338 152 222)
3(338 221 359)
3(338 222 221)
3(300 179 297)
3(71 199 73)
3(199 76 73)
3(63 355 313)
3(63 313 55)
3(355 313 84)
3(356 31 43)
3(379 31 356)
3(356 51 43)
3(356 31 51)
3(51 50 302)
3(51 302 43)
3(43 302 50)
3(50 302 377)
3(364 198 188)
3(187 364 188)
3(187 198 364)
3(382 305 364)
3(382 364 244)
3(305 244 364)
3(198 382 364)
3(364 382 188)
3(198 188 382)
3(382 305 198)
3(305 364 198)
3(382 254 364)
3(254 364 244)
3(305 244 245)
3(364 305 245)
3(364 245 244)
3(305 197 100)
3(305 363 197)
3(305 100 363)
3(305 197 187)
3(305 187 100)
3(245 305 184)
3(68 300 60)
3(68 61 300)
3(103 297 104)
3(304 299 62)
3(92 62 299)
3(304 62 92)
3(240 239 300)
3(179 300 239)
3(60 67 300)
3(67 68 300)
3(304 61 170)
3(297 170 61)
3(304 297 61)
3(61 358 304)
3(61 170 358)
3(358 170 304)
3(61 60 358)
3(61 358 81)
3(61 81 60)
3(61 52 358)
3(358 52 60)
3(358 304 52)
3(61 52 304)
3(61 170 81)
3(358 81 170)
3(189 300 298)
3(189 298 247)
3(189 247 300)
3(92 299 113)
3(63 299 105)
3(93 105 299)
3(309 128 138)
3(309 138 219)
3(309 219 128)
3(128 126 309)
3(138 309 126)
3(335 167 304)
3(50 167 335)
3(50 304 167)
3(50 335 304)
3(335 167 78)
3(335 45 167)
3(335 78 45)
3(335 62 304)
3(62 167 304)
3(335 167 62)
3(50 78 335)
3(75 303 70)
3(75 41 303)
3(41 70 303)
3(190 106 182)
3(251 182 106)
3(190 251 106)
3(82 58 60)
3(82 60 80)
3(329 37 66)
3(329 59 37)
3(301 102 101)
3(301 101 110)
3(301 110 102)
3(73 212 123)
3(73 76 212)
3(71 199 301)
3(71 301 73)
3(82 81 60)
3(111 199 212)
3(111 212 73)
3(199 73 212)
3(230 157 334)
3(230 334 308)
3(185 305 319)
3(187 319 305)
3(185 187 305)
3(185 319 187)
3(266 286 321)
3(266 320 286)
3(320 321 286)
3(266 321 320)
3(333 71 41)
3(303 333 41)
3(296 322 292)
3(283 386 291)
3(324 357 226)
3(226 357 150)
3(324 150 357)
3(357 226 227)
3(324 357 227)
3(220 357 226)
3(220 227 357)
3(357 226 135)
3(135 357 150)
3(84 83 106)
3(84 106 63)
3(63 106 83)
3(247 300 239)
3(300 180 239)
3(247 180 300)
3(273 297 278)
3(369 138 219)
3(369 145 219)
3(309 223 268)
3(263 250 297)
3(263 113 250)
3(391 372 133)
3(356 51 302)
3(356 302 43)
3(303 121 75)
3(356 30 51)
3(356 31 30)
3(356 30 302)
3(303 351 75)
3(75 351 121)
3(75 74 303)
3(111 258 212)
3(111 199 258)
3(54 64 355)
3(355 64 56)
3(54 355 56)
3(64 355 55)
3(85 56 355)
3(304 172 299)
3(172 170 299)
3(304 170 172)
3(354 186 310)
3(354 174 186)
3(310 177 186)
3(310 354 177)
3(310 89 186)
3(310 177 89)
3(354 176 186)
3(354 174 176)
3(103 298 300)
3(205 391 214)
3(353 205 109)
3(353 196 205)
3(297 235 299)
3(273 299 235)
3(273 235 297)
3(181 300 179)
3(262 297 261)
3(262 278 297)
3(125 144 376)
3(376 144 143)
3(314 352 9)
3(9 352 393)
3(9 3 352)
3(9 5 352)
3(3 352 5)
3(14 352 9)
3(9 352 6)
3(14 6 352)
3(9 14 393)
3(5 352 6)
3(242 274 299)
3(274 236 299)
3(242 299 236)
3(124 111 216)
3(111 212 216)
3(124 212 111)
3(124 216 212)
3(301 102 57)
3(301 57 101)
3(60 300 58)
3(82 58 300)
3(173 106 84)
3(173 83 106)
3(171 235 297)
3(372 132 391)
3(391 132 133)
3(372 133 132)
3(132 391 120)
3(132 120 372)
3(132 118 391)
3(199 301 110)
3(71 110 301)
3(118 391 120)
3(273 236 299)
3(54 355 53)
3(53 355 56)
3(54 313 53)
3(355 53 313)
3(111 216 217)
3(124 217 216)
3(111 217 124)
3(111 258 216)
3(351 211 121)
3(351 122 211)
3(303 351 74)
3(135 351 121)
3(75 351 135)
3(350 317 204)
3(350 204 130)
3(204 350 192)
3(350 193 204)
3(350 117 204)
3(130 350 117)
3(113 331 268)
3(113 268 250)
3(310 100 349)
3(349 89 86)
3(89 349 310)
3(89 310 100)
3(356 15 31)
3(15 30 356)
3(302 30 15)
3(348 210 214)
3(348 206 210)
3(210 134 348)
3(262 298 297)
3(262 297 272)
3(262 272 298)
3(207 206 368)
3(206 348 368)
3(208 134 348)
3(90 301 57)
3(301 91 57)
3(258 111 298)
3(298 111 301)
3(258 301 111)
3(258 298 301)
3(68 103 300)
3(285 321 290)
3(290 321 320)
3(285 320 321)
3(290 321 289)
3(290 270 321)
3(286 270 321)
3(290 286 321)
3(26 341 329)
3(329 341 34)
3(26 34 341)
3(277 347 291)
3(347 283 291)
3(277 283 347)
3(347 291 276)
3(276 347 292)
3(112 298 258)
3(112 258 111)
3(112 111 298)
3(341 27 26)
3(341 329 27)
3(37 40 341)
3(37 341 66)
3(351 74 123)
3(351 76 74)
3(351 77 123)
3(221 227 357)
3(140 357 135)
3(357 150 149)
3(357 140 150)
3(357 324 149)
3(149 324 150)
3(357 324 221)
3(170 235 297)
3(171 235 170)
3(37 34 341)
3(341 34 40)
3(106 190 115)
3(115 190 191)
3(106 191 190)
3(106 190 94)
3(37 329 341)
3(37 34 329)
3(170 50 304)
3(170 304 167)
3(375 299 113)
3(375 92 299)
3(375 113 92)
3(324 346 232)
3(229 346 324)
3(324 346 156)
3(199 301 101)
3(332 201 202)
3(129 332 202)
3(301 57 67)
3(90 67 57)
3(90 301 67)
3(263 297 262)
3(263 262 298)
3(67 300 58)
3(67 58 60)
3(345 147 145)
3(345 146 147)
3(345 224 147)
3(345 225 224)
3(358 50 81)
3(50 377 81)
3(79 62 167)
3(62 168 167)
3(79 168 62)
3(73 72 301)
3(83 63 168)
3(83 172 63)
3(63 172 168)
3(238 319 185)
3(305 238 185)
3(176 238 319)
3(176 319 185)
3(305 245 185)
3(305 238 245)
3(364 187 319)
3(364 305 187)
3(306 19 344)
3(22 21 344)
3(306 344 21)
3(306 22 344)
3(344 23 21)
3(344 22 23)
3(21 344 378)
3(23 21 378)
3(344 42 21)
3(304 172 62)
3(212 123 111)
3(278 272 297)
3(272 273 297)
3(261 263 297)
3(62 167 32)
3(79 32 167)
3(79 62 32)
3(235 299 170)
3(301 316 57)
3(298 300 301)
3(69 298 301)
3(69 300 298)
3(69 301 300)
3(301 110 333)
3(333 110 102)
3(316 66 301)
3(301 66 57)
3(316 57 66)
3(66 301 71)
3(66 71 316)
3(66 67 301)
3(66 57 67)
3(388 49 80)
3(27 57 341)
3(341 57 36)
3(27 341 36)
3(63 182 299)
3(172 182 63)
3(172 299 182)
3(57 341 66)
3(57 66 27)
3(341 27 66)
3(57 316 341)
3(341 316 36)
3(316 341 66)
3(316 362 341)
3(341 362 36)
3(316 36 362)
3(27 58 67)
3(58 57 67)
3(27 67 57)
3(84 106 94)
3(91 301 180)
3(91 180 300)
3(300 180 301)
3(351 212 122)
3(212 76 122)
3(58 67 90)
3(90 67 300)
3(58 90 300)
3(217 111 258)
3(199 122 76)
3(60 80 81)
3(101 180 301)
3(101 301 189)
3(180 189 301)
3(67 388 58)
3(67 27 388)
3(91 301 101)
3(182 106 83)
3(182 63 106)
3(182 83 63)
3(212 123 124)
3(241 236 299)
3(241 299 237)
3(236 237 299)
3(322 294 343)
3(294 282 343)
3(295 343 294)
3(285 294 343)
3(294 293 343)
3(322 293 343)
3(285 282 343)
3(106 94 173)
3(301 67 300)
3(347 277 281)
3(281 373 277)
3(236 299 235)
3(260 262 298)
3(260 298 267)
3(262 267 298)
3(189 301 298)
3(189 300 301)
3(67 66 27)
3(83 63 79)
3(79 63 168)
3(173 182 106)
3(63 182 105)
3(105 182 299)
3(212 124 215)
3(124 216 215)
3(360 378 33)
3(360 33 389)
3(105 106 182)
3(247 262 298)
3(260 247 298)
3(69 298 111)
3(69 111 301)
3(306 1 10)
3(258 298 259)
3(247 259 298)
3(258 247 298)
3(112 268 258)
3(258 268 298)
3(112 217 258)
3(112 268 217)
3(249 297 250)
3(249 250 299)
3(252 363 244)
3(368 206 197)
3(368 197 342)
3(197 206 342)
3(342 196 252)
3(206 196 342)
3(342 196 318)
3(196 252 318)
3(305 198 342)
3(67 388 60)
3(341 66 329)
3(173 190 106)
3(329 66 27)
3(67 329 27)
3(35 341 36)
3(341 26 36)
3(35 26 341)
3(362 36 35)
3(199 258 301)
3(112 217 111)
3(267 259 298)
3(259 260 298)
3(113 268 126)
3(268 112 126)
3(241 242 299)
3(105 375 299)
3(105 299 251)
3(358 50 170)
3(103 298 69)
3(103 69 300)
3(335 62 52)
3(335 52 304)
3(62 304 52)
3(112 298 103)
3(375 92 105)
3(92 299 105)
3(258 298 267)
3(101 200 301)
3(200 199 301)
3(360 63 33)
3(360 33 32)
3(172 62 167)
3(304 172 167)
3(143 338 151)
3(338 152 151)
3(308 164 165)
3(308 166 164)
3(202 367 129)
3(93 299 92)
3(37 329 29)
3(331 128 309)
3(242 182 299)
3(261 250 297)
3(182 299 241)
3(358 50 52)
3(50 304 52)
3(358 304 50)
3(28 48 388)
3(194 107 312)
3(340 194 312)
3(340 107 194)
3(189 258 298)
3(189 301 258)
3(194 340 190)
3(193 340 194)
3(103 298 111)
3(33 55 313)
3(33 313 54)
3(375 114 105)
3(375 92 114)
3(63 33 313)
3(360 313 33)
3(338 221 151)
3(338 151 359)
3(263 267 298)
3(170 236 299)
3(251 182 105)
3(28 388 49)
3(182 299 237)
3(217 124 215)
3(217 311 124)
3(311 215 124)
3(370 212 124)
3(370 124 215)
3(268 217 125)
3(268 125 112)
3(112 125 217)
3(68 69 300)
3(342 305 197)
3(305 198 197)
3(342 197 198)
3(88 89 310)
3(310 89 175)
3(268 298 267)
3(180 179 300)
3(179 90 300)
3(58 179 300)
3(164 308 157)
3(164 158 308)
3(41 39 333)
3(70 41 333)
3(70 333 39)
3(200 301 189)
3(331 128 126)
3(335 62 32)
3(335 32 52)
3(334 157 162)
3(165 334 162)
3(182 299 251)
3(236 299 172)
3(237 299 172)
3(157 230 151)
3(230 158 151)
3(258 301 200)
3(335 167 32)
3(167 32 45)
3(335 45 32)
3(69 300 67)
3(137 221 330)
3(137 215 221)
3(190 115 192)
3(50 28 302)
3(28 16 302)
3(50 302 16)
3(378 33 32)
3(98 312 336)
3(312 97 336)
3(98 97 312)
3(113 331 126)
3(143 338 158)
3(338 151 158)
3(33 313 47)
3(54 47 313)
3(125 268 126)
3(309 125 126)
3(309 268 125)
3(221 230 338)
3(221 151 230)
3(338 230 151)
3(337 0 314)
3(337 314 2)
3(314 0 2)
3(263 268 298)
3(45 32 79)
3(45 42 32)
3(79 313 83)
3(363 349 87)
3(323 87 349)
3(151 359 152)
3(377 28 81)
3(80 377 81)
3(339 255 246)
3(339 188 255)
3(339 246 188)
3(339 209 255)
3(339 188 209)
3(255 264 339)
3(264 339 209)
3(358 51 52)
3(370 123 124)
3(339 254 264)
3(47 33 360)
3(377 28 50)
3(2 314 4)
3(2 3 314)
3(344 42 45)
3(217 311 125)
3(311 124 125)
3(217 125 124)
3(72 301 111)
3(305 198 187)
3(38 341 34)
3(338 228 307)
3(228 152 338)
3(143 365 158)
3(365 338 158)
3(228 222 338)
3(221 228 338)
3(39 36 316)
3(65 39 316)
3(53 84 313)
3(323 99 108)
3(323 100 99)
3(217 218 125)
3(311 125 218)
3(344 32 45)
3(380 282 285)
3(361 380 285)
3(361 282 380)
3(124 215 137)
3(370 124 137)
3(315 129 114)
3(315 114 127)
3(316 41 333)
3(316 71 41)
3(41 39 316)
3(333 316 39)
3(179 91 300)
3(311 124 137)
3(151 230 229)
3(28 302 377)
3(340 183 194)
3(69 72 301)
3(184 312 96)
3(257 361 265)
3(257 255 361)
3(125 268 218)
3(229 157 151)
3(370 123 136)
3(137 123 370)
3(137 370 136)
3(105 315 114)
3(375 114 315)
3(115 130 317)
3(332 129 115)
3(197 196 318)
3(197 342 196)
3(39 36 362)
3(175 319 176)
3(305 100 185)
3(288 286 320)
3(286 290 320)
3(185 349 87)
3(221 151 140)
3(44 374 45)
3(324 221 227)
3(321 269 265)
3(343 284 293)
3(32 31 335)
3(52 335 31)
3(194 107 336)
3(336 107 312)
3(194 336 312)
3(307 383 143)
3(366 318 108)
3(109 366 108)
3(149 346 229)
3(149 327 346)
3(137 330 140)
3(137 136 330)
3(123 370 77)
3(351 77 370)
3(137 221 140)
3(364 178 188)
3(365 153 158)
3(365 158 159)
3(137 311 215)
3(361 257 285)
3(361 380 257)
3(2 314 13)
3(0 384 1)
3(337 11 371)
3(12 371 11)
3(337 12 11)
3(337 23 8)
3(337 8 12)
3(8 337 314)
3(8 337 0)
3(118 107 366)
3(118 366 119)
3(344 32 20)
3(374 20 32)
3(344 374 32)
3(34 35 341)
3(257 321 361)
3(257 285 321)
3(115 129 367)
3(381 137 215)
3(157 230 229)
3(365 158 166)
3(23 20 344)
3(187 364 178)
3(366 336 108)
3(208 368 209)
3(366 107 108)
3(366 336 107)
3(361 380 256)
3(361 256 257)
3(11 314 371)
3(11 371 13)
3(11 13 314)
3(381 137 311)
3(381 137 141)
3(345 307 376)
3(345 224 307)
3(256 380 282)
3(256 282 322)
3(198 208 368)
3(312 336 184)
3(98 312 184)
3(257 321 265)
3(312 107 97)
3(312 97 95)
3(127 126 331)
3(70 303 333)
3(118 108 366)
3(323 86 87)
3(324 346 149)
3(324 149 156)
3(149 346 156)
3(382 188 209)
3(336 107 195)
3(307 345 143)
3(332 367 115)
3(332 129 367)
3(368 197 198)
3(194 195 336)
3(194 107 195)
3(339 246 325)
3(321 266 270)
3(307 376 143)
3(160 157 327)
3(157 155 327)
3(160 327 155)
3(344 45 374)
3(334 230 229)
3(218 309 268)
3(94 340 350)
3(110 333 70)
3(338 158 230)
3(11 314 337)
3(323 108 97)
3(319 176 354)
3(175 354 176)
3(348 208 120)
3(312 95 96)
3(286 320 287)
3(11 2 337)
3(11 314 2)
3(245 325 277)
3(312 97 96)
3(24 9 393)
3(336 194 243)
3(336 184 194)
3(98 312 96)
3(257 321 266)
3(321 265 266)
3(335 50 44)
3(335 44 78)
3(201 375 127)
3(315 127 375)
3(349 87 88)
3(349 174 87)
3(117 116 350)
3(107 194 193)
3(146 383 153)
3(374 32 31)
3(374 335 32)
3(374 31 335)
3(320 286 284)
3(266 320 284)
3(374 32 45)
3(11 10 337)
3(374 335 45)
3(257 285 266)
3(321 266 285)
3(135 351 77)
3(135 77 370)
3(374 44 31)
3(44 374 335)
3(44 335 45)
3(361 282 256)
3(44 31 335)
3(285 266 284)
3(20 344 22)
3(364 244 275)
3(207 348 120)
3(207 120 328)
3(89 349 88)
3(371 42 11)
3(376 369 144)
3(116 350 107)
3(266 320 285)
3(320 284 285)
3(195 193 107)
3(361 279 282)
3(383 154 153)
3(166 308 158)
3(302 16 43)
3(162 160 327)
3(88 349 86)
3(87 86 349)
3(162 327 157)
3(176 319 187)
3(346 155 156)
3(161 155 346)
3(337 12 10)
3(149 155 346)
3(149 327 155)
3(327 346 155)
3(335 52 44)
3(335 50 52)
3(4 352 6)
3(5 352 4)
3(118 109 366)
3(118 328 120)
3(4 14 352)
3(165 230 334)
3(143 307 144)
3(120 328 109)
3(321 270 265)
3(321 265 271)
3(383 153 148)
3(319 186 176)
3(132 372 139)
3(372 132 134)
3(327 155 161)
3(246 277 373)
3(118 353 366)
3(233 230 334)
3(233 334 165)
3(233 334 229)
3(233 162 334)
3(333 70 65)
3(333 65 110)
3(65 39 333)
3(107 193 390)
3(172 62 168)
3(62 168 63)
3(304 92 52)
3(304 61 92)
3(297 61 92)
3(17 356 16)
3(356 43 16)
3(356 16 15)
3(356 302 16)
3(332 192 201)
3(310 177 175)
3(135 385 370)
3(125 111 217)
3(15 302 356)
3(58 181 300)
3(76 212 199)
3(245 325 276)
3(375 113 114)
3(375 127 114)
3(79 62 63)
3(94 350 107)
3(340 94 107)
3(103 92 297)
3(301 69 67)
3(113 268 263)
3(189 300 180)
3(355 53 84)
3(85 53 355)
3(81 169 170)
3(25 33 24)
3(25 24 14)
3(25 14 47)
3(25 47 33)
3(115 94 116)
3(221 215 211)
3(82 181 169)
3(244 252 253)
3(254 244 253)
3(199 110 122)
3(76 74 71)
3(71 74 41)
3(108 100 109)
3(109 100 197)
3(36 65 57)
3(57 65 102)
3(218 141 223)
3(141 144 223)
3(29 16 15)
3(59 29 30)
3(30 51 59)
3(135 220 211)
3(10 2 1)
3(24 33 23)
3(214 119 133)
3(22 20 7)
3(197 208 207)
3(143 145 146)
3(89 100 99)
3(171 170 169)
3(196 195 193)
3(196 193 117)
3(119 196 117)
3(118 133 119)
3(46 47 13)
3(141 137 125)
3(217 215 218)
3(282 280 281)
3(51 60 59)
3(67 66 59)
3(58 49 48)
3(27 58 48)
3(246 280 279)
3(7 20 18)
3(74 77 75)
3(95 85 96)
3(181 171 169)
3(122 70 121)
3(136 140 77)
3(62 63 93)
3(191 251 192)
3(106 115 105)
3(138 145 125)
3(7 0 8)
3(161 232 156)
3(154 148 225)
3(225 231 159)
3(225 159 154)
3(127 213 128)
3(219 213 268)
3(250 268 213)
3(173 96 85)
3(246 279 256)
3(246 238 277)
3(163 229 232)
3(160 163 161)
3(34 26 29)
3(28 26 27)
3(28 29 26)
3(95 94 64)
3(232 161 163)
3(205 214 206)
3(254 252 209)
3(84 173 85)
3(207 109 205)
3(280 254 279)
3(254 280 276)
3(254 276 275)
3(71 67 72)
3(141 222 142)
3(222 141 218)
3(222 218 215)
3(222 215 221)
3(205 206 207)
3(294 292 282)
3(18 20 31)
3(18 17 19)
3(256 284 257)
3(174 185 100)
3(247 272 240)
3(184 87 98)
3(156 226 150)
3(229 226 232)
3(229 227 226)
3(226 156 232)
3(98 87 97)
3(43 31 44)
3(18 31 15)
3(12 21 42)
3(99 97 86)
3(282 292 280)
3(256 281 283)
3(283 293 284)
3(256 283 284)
3(125 145 143)
3(271 289 269)
3(289 271 270)
3(285 264 289)
3(264 269 289)
3(201 127 129)
3(213 251 250)
3(213 201 251)
3(295 285 290)
3(288 287 295)
3(288 295 290)
3(177 178 187)
3(178 177 175)
3(175 238 178)
3(243 195 252)
3(45 19 17)
3(204 192 203)
3(204 203 131)
3(130 204 131)
3(272 179 240)
3(38 66 41)
3(246 281 280)
3(81 82 169)
3(139 134 214)
3(133 139 214)
3(22 8 10)
3(22 7 8)
3(274 273 249)
3(250 182 248)
3(179 272 235)
3(179 235 181)
3(225 148 147)
3(162 229 163)
3(0 3 9)
3(8 9 23)
3(8 0 9)
3(47 83 53)
3(1 7 18)
3(1 18 19)
3(42 46 13)
3(190 192 193)
3(107 97 108)
3(183 194 184)
3(135 77 140)
3(215 212 211)
3(96 173 183)
3(173 190 183)
3(186 177 187)
3(295 287 293)
3(92 113 104)
3(186 174 100)
3(88 174 175)
3(224 223 144)
3(224 219 223)
3(296 294 293)
3(296 293 291)
3(283 291 293)
3(210 252 206)
3(209 252 210)
3(202 203 192)
3(131 203 129)
3(219 128 213)
3(261 249 278)
3(248 242 249)
3(230 165 166)
3(228 144 152)
3(228 224 144)
3(230 166 231)
3(231 228 230)
3(224 228 225)
3(228 231 225)
3(159 231 166)
3(238 246 178)
3(184 185 87)
3(184 243 244)
3(38 39 35)
3(66 38 40)
3(264 285 282)
3(264 255 265)
3(63 55 94)
3(122 110 70)
3(79 47 46)
3(79 46 42)
3(22 10 21)
3(19 45 21)
3(21 10 19)
3(142 151 137)
3(142 222 152)
3(71 73 76)
3(43 51 31)
3(51 43 50)
3(187 188 198)
3(197 100 187)
3(244 245 184)
3(68 60 61)
3(113 103 104)
3(179 239 240)
3(60 68 67)
3(61 60 52)
3(63 105 93)
3(138 128 219)
3(128 138 126)
3(167 45 78)
3(50 167 78)
3(75 70 41)
3(190 182 251)
3(82 80 58)
3(66 37 59)
3(102 110 101)
3(73 123 76)
3(296 292 294)
3(296 291 292)
3(220 226 227)
3(226 220 135)
3(135 150 226)
3(247 239 180)
3(273 278 249)
3(138 219 145)
3(268 223 219)
3(75 121 70)
3(51 30 31)
3(75 41 74)
3(199 212 258)
3(54 56 64)
3(54 64 55)
3(85 64 56)
3(177 186 89)
3(186 176 174)
3(205 119 214)
3(119 205 196)
3(196 205 109)
3(262 261 278)
3(125 143 144)
3(9 3 5)
3(14 9 6)
3(5 6 9)
3(242 236 274)
3(242 274 249)
3(102 101 57)
3(173 84 83)
3(181 235 171)
3(132 133 118)
3(118 120 132)
3(274 236 273)
3(54 53 56)
3(258 212 216)
3(211 122 121)
3(75 135 121)
3(135 211 121)
3(192 204 193)
3(193 204 117)
3(130 117 204)
3(89 99 86)
3(247 240 239)
3(15 31 30)
3(29 15 30)
3(214 210 206)
3(210 214 134)
3(210 134 208)
3(90 57 91)
3(68 61 103)
3(290 289 270)
3(285 289 290)
3(290 270 286)
3(277 291 283)
3(277 276 291)
3(276 292 291)
3(37 66 40)
3(76 123 74)
3(123 77 74)
3(221 220 227)
3(149 150 140)
3(135 140 150)
3(37 40 34)
3(106 94 115)
3(254 253 252)
3(170 167 50)
3(199 101 110)
3(94 55 64)
3(129 202 201)
3(147 146 145)
3(147 224 225)
3(147 145 224)
3(79 167 168)
3(71 72 73)
3(83 168 172)
3(176 185 238)
3(238 185 245)
3(23 22 21)
3(123 73 111)
3(278 273 272)
3(261 262 263)
3(262 278 272)
3(67 71 66)
3(58 80 49)
3(27 36 57)
3(27 57 58)
3(63 94 106)
3(245 185 184)
3(217 258 216)
3(82 81 80)
3(101 189 180)
3(91 101 180)
3(123 111 124)
3(241 237 236)
3(285 295 294)
3(294 295 293)
3(285 294 282)
3(57 90 58)
3(91 57 101)
3(281 277 283)
3(236 235 273)
3(260 267 262)
3(83 79 168)
3(173 83 182)
3(212 215 216)
3(63 106 105)
3(260 262 247)
3(10 1 19)
3(258 259 247)
3(262 272 247)
3(258 217 268)
3(252 244 243)
3(206 252 196)
3(197 207 206)
3(67 59 60)
3(173 182 190)
3(35 36 26)
3(27 26 36)
3(267 260 259)
3(113 126 112)
3(241 236 242)
3(50 81 170)
3(112 103 113)
3(258 267 259)
3(101 199 200)
3(172 182 83)
3(33 63 32)
3(260 247 259)
3(143 151 152)
3(166 165 164)
3(235 272 273)
3(202 129 203)
3(93 92 62)
3(37 29 59)
3(242 248 182)
3(263 250 261)
3(242 182 241)
3(234 235 170)
3(171 234 170)
3(171 235 234)
3(28 27 48)
3(193 194 190)
3(103 111 69)
3(261 250 249)
3(33 54 55)
3(92 105 114)
3(263 262 267)
3(235 236 170)
3(80 28 49)
3(182 237 241)
3(249 250 248)
3(103 69 68)
3(217 216 215)
3(88 175 89)
3(221 211 220)
3(268 267 258)
3(239 179 180)
3(58 90 179)
3(164 157 158)
3(70 39 41)
3(200 189 101)
3(62 52 32)
3(165 162 157)
3(236 172 170)
3(258 247 189)
3(237 172 236)
3(157 151 158)
3(258 200 199)
3(69 67 68)
3(63 33 55)
3(112 111 103)
3(50 16 28)
3(143 158 151)
3(33 47 54)
3(267 268 263)
3(23 33 32)
3(45 79 42)
3(172 237 182)
3(79 45 167)
3(47 79 83)
3(80 81 28)
3(246 255 188)
3(246 256 255)
3(188 255 209)
3(255 264 209)
3(51 50 52)
3(264 254 209)
3(50 28 81)
3(250 251 182)
3(2 4 3)
3(42 21 45)
3(49 28 48)
3(192 190 191)
3(72 111 73)
3(198 197 187)
3(38 34 40)
3(47 53 54)
3(228 152 222)
3(221 230 228)
3(228 222 221)
3(65 36 39)
3(51 52 60)
3(200 258 189)
3(53 83 84)
3(100 108 99)
3(129 127 114)
3(90 91 179)
3(125 137 124)
3(264 279 254)
3(230 221 229)
3(194 183 190)
3(69 111 72)
3(37 34 29)
3(18 15 17)
3(179 91 180)
3(183 184 96)
3(257 265 255)
3(218 268 217)
3(142 152 151)
3(151 157 149)
3(137 136 123)
3(116 130 115)
3(105 115 129)
3(126 125 112)
3(175 176 238)
3(288 290 286)
3(151 149 140)
3(44 45 17)
3(264 265 269)
3(52 31 32)
3(197 196 109)
3(137 140 136)
3(188 178 246)
3(158 153 159)
3(185 187 100)
3(2 13 4)
3(2 0 1)
3(12 8 23)
3(118 119 107)
3(34 38 35)
3(158 143 153)
3(131 129 115)
3(159 166 158)
3(23 32 20)
3(187 178 188)
3(208 209 210)
3(137 151 140)
3(198 209 208)
3(95 97 107)
3(127 128 126)
3(118 107 108)
3(224 145 219)
3(87 86 97)
3(136 77 123)
3(125 126 138)
3(38 41 39)
3(276 280 292)
3(286 270 266)
3(287 284 293)
3(221 227 229)
3(160 155 157)
3(130 131 115)
3(129 114 105)
3(208 134 120)
3(286 287 288)
3(245 277 238)
3(95 96 97)
3(23 9 24)
3(0 2 3)
3(108 97 99)
3(243 194 195)
3(98 96 184)
3(243 184 194)
3(98 97 96)
3(257 266 265)
3(50 78 44)
3(119 117 107)
3(252 195 196)
3(174 88 87)
3(130 116 117)
3(146 153 143)
3(266 284 286)
3(164 165 157)
3(32 31 20)
3(11 2 10)
3(218 223 268)
3(284 266 257)
3(20 22 23)
3(95 64 85)
3(254 275 244)
3(206 196 197)
3(16 29 28)
3(156 150 149)
3(141 142 137)
3(36 35 39)
3(42 13 11)
3(284 287 286)
3(117 116 107)
3(195 194 193)
3(279 264 282)
3(42 11 12)
3(153 154 159)
3(141 125 144)
3(11 13 2)
3(43 16 50)
3(162 163 160)
3(87 88 86)
3(35 26 34)
3(176 187 185)
3(174 87 185)
3(147 148 146)
3(161 156 155)
3(197 198 208)
3(12 11 10)
3(88 89 86)
3(156 149 155)
3(255 256 257)
3(50 44 52)
3(52 44 31)
3(5 4 6)
3(78 45 44)
3(12 23 21)
3(118 108 109)
3(160 157 162)
3(207 208 120)
3(4 13 14)
3(12 10 8)
3(186 100 89)
3(207 120 109)
3(279 282 256)
3(14 6 4)
3(149 157 155)
3(270 271 265)
3(146 148 153)
3(118 109 120)
3(24 9 14)
3(186 187 176)
3(132 139 133)
3(256 282 281)
3(134 132 120)
3(3 4 5)
3(266 270 265)
3(166 164 158)
3(152 144 143)
3(160 161 155)
3(277 281 246)
3(271 269 265)
3(132 134 139)
3(43 44 17)
3(154 153 148)
3(75 77 135)
3(13 47 14)
3(233 165 230)
3(233 229 162)
3(233 230 229)
3(165 233 162)
3(70 110 65)
3(71 41 66)
3(70 65 39)
3(110 102 65)
3(244 275 245)
3(172 168 167)
3(92 61 52)
3(92 52 62)
3(172 167 170)
3(17 16 43)
3(17 15 16)
3(251 201 192)
3(192 201 202)
3(175 174 176)
3(177 89 175)
3(7 1 0)
3(124 137 123)
3(125 124 111)
3(125 111 112)
3(212 122 211)
3(58 179 181)
3(58 181 82)
3(212 199 122)
3(245 276 277)
3(276 245 275)
3(92 93 105)
3(92 114 113)
3(213 127 201)
3(113 114 127)
3(62 32 63)
3(251 191 190)
3(94 107 116)
3(107 94 95)
3(103 61 92)
3(103 92 104)
3(67 69 72)
3(188 209 198)
3(113 127 126)
3(250 263 268)
3(189 247 180)
3(85 56 53)
3(85 53 84)
)


// ************************************************************************* //
