/*--------------------------------*- C++ -*----------------------------------*\
  =========                 |
  \\      /  F ield         | OpenFOAM: The Open Source CFD Toolbox
   \\    /   O peration     | Website:  https://openfoam.org
    \\  /    A nd           | Version:  11
     \\/     M anipulation  |
\*---------------------------------------------------------------------------*/
FoamFile
{
    format      ascii;
    class       labelList;
    note        "nPoints:394  nCells:1225  nFaces:2757  nInternalFaces:2143";
    location    "constant/region3/polyMesh";
    object      neighbour;
}
// * * * * * * * * * * * * * * * * * * * * * * * * * * * * * * * * * * * * * //


2143
(
154
680
696
1166
77
334
662
128
484
566
619
4
6
63
5
1130
6
1152
343
42
96
97
1114
9
10
918
15
648
838
15
323
1209
12
13
378
1185
57
376
1185
150
152
1187
378
816
837
324
1008
74
142
334
18
62
649
497
649
145
705
709
846
22
468
709
23
466
846
24
466
593
534
556
534
804
1009
35
504
514
1169
28
274
315
31
402
747
751
29
499
315
402
937
317
445
747
850
313
746
956
33
356
367
577
581
1117
1152
354
365
367
974
507
561
686
37
698
887
38
687
39
1158
1161
125
687
689
41
44
397
398
43
399
400
43
44
1082
45
1051
398
1007
1114
81
370
607
1163
616
1064
1192
49
50
104
51
103
51
52
616
53
554
908
947
1064
122
491
947
55
56
639
816
57
541
640
252
640
940
816
59
116
164
1049
948
1129
61
62
406
407
207
409
410
317
747
346
1025
66
87
568
570
88
550
568
210
567
569
109
550
567
572
132
165
1116
195
549
660
1219
71
293
620
1113
750
1097
121
349
663
611
612
1028
236
574
1194
76
412
838
1177
413
959
1005
142
645
79
80
242
243
82
418
420
81
1164
82
1038
119
332
631
727
86
223
227
483
86
479
801
970
481
960
88
210
1149
592
91
93
94
736
91
92
93
343
469
973
368
1152
153
215
215
270
474
96
900
972
1082
1114
98
225
972
99
226
971
809
892
101
280
330
138
331
1134
104
105
754
797
122
754
784
908
525
757
276
524
694
753
108
694
874
712
791
110
591
1112
337
572
1063
141
188
203
1210
113
369
794
1008
1042
1163
1211
792
980
1019
1210
124
192
941
996
848
948
1182
118
218
1023
292
333
1142
292
1142
1197
429
975
1115
1119
285
288
999
276
277
269
678
851
963
208
216
496
691
804
897
127
307
328
1175
160
306
327
248
513
742
134
233
674
1004
132
134
674
1116
133
134
232
233
133
361
362
954
601
638
1151
137
139
632
633
138
139
281
231
280
536
537
141
186
1060
187
1019
589
374
527
637
705
145
468
552
555
600
147
148
201
202
211
212
1224
464
487
703
150
152
375
376
938
378
837
895
1187
986
1184
343
346
736
515
782
156
157
875
1177
158
1175
158
159
647
160
1208
160
919
805
162
398
546
992
287
547
185
609
656
1201
339
1120
1182
167
340
477
340
1182
1183
339
475
1129
169
205
567
572
213
228
1063
171
902
915
927
643
1002
1017
173
174
204
1144
194
653
936
654
1095
176
177
347
348
180
990
1068
179
1150
179
180
1086
1080
432
435
183
416
548
785
290
417
981
184
417
609
1201
290
1203
1217
187
212
188
381
189
202
383
1008
1205
191
289
457
1123
861
1023
193
443
444
1022
1142
204
351
503
566
770
204
1087
1140
199
629
906
199
200
635
908
791
797
908
203
211
657
212
723
1060
228
617
208
209
496
988
209
649
221
996
867
988
229
1112
560
1060
569
1122
236
502
529
587
266
368
217
220
1061
443
1162
1198
219
221
220
292
1198
901
1023
668
693
1214
224
480
481
225
1069
226
227
960
620
569
1128
1146
237
717
914
976
535
717
260
1047
234
363
235
318
260
319
907
335
462
238
240
931
239
284
976
241
968
241
914
1109
945
1058
420
989
1164
244
316
1039
419
935
937
247
274
857
1028
247
610
1093
924
926
325
613
250
251
446
857
257
273
448
257
258
641
643
927
256
538
1065
255
256
653
539
1002
654
259
978
259
985
841
1012
264
1054
262
614
907
1173
488
1148
1172
488
1054
1148
614
907
266
267
366
1079
268
974
679
1108
367
368
1072
270
679
893
471
840
272
611
1028
1132
985
1027
274
449
1012
891
277
509
666
873
278
873
279
888
806
859
947
491
666
865
997
331
537
632
284
331
1134
284
405
931
286
665
975
287
984
1115
288
1074
576
863
901
1078
1201
1202
336
337
572
618
332
621
966
1090
350
352
1006
1089
423
425
1010
1081
297
299
1145
626
1126
299
460
627
930
307
896
1036
388
1001
1073
1109
303
304
1201
328
1202
656
766
870
309
389
625
328
766
917
327
658
309
388
1020
925
311
385
1037
312
386
442
923
314
1039
316
956
1029
449
935
965
989
493
752
928
1004
928
1054
1148
321
412
605
322
413
604
1005
604
918
1041
369
605
838
484
505
453
993
1159
919
1016
1036
514
549
656
745
332
333
727
726
997
1143
335
529
662
338
1147
1018
1135
550
1133
340
387
584
595
786
808
870
973
345
484
780
574
589
851
974
349
1094
1127
664
1094
990
1043
351
1089
1154
1087
915
936
1125
358
578
1026
355
577
1025
358
951
357
946
1117
578
871
1136
952
855
880
890
361
363
674
740
362
477
363
365
366
949
950
951
1011
974
1108
969
606
1038
1075
1163
967
1000
1012
910
1013
1030
374
377
379
1190
866
939
376
1184
640
603
1053
1185
379
810
622
704
724
899
382
383
910
1013
1019
904
385
386
563
1141
1131
1015
1181
545
573
745
389
390
718
1109
719
1001
503
514
1213
528
530
761
877
396
562
1179
1181
562
610
1121
396
610
1040
1071
815
401
546
548
400
401
1115
1074
1082
984
850
920
404
535
720
405
536
537
408
748
749
409
752
994
410
1090
977
1216
966
414
1176
1177
1178
413
414
415
781
781
959
823
842
845
785
419
570
1149
571
1146
953
1038
545
575
796
584
786
808
426
431
1081
531
825
1046
1118
531
820
830
779
1118
429
882
1139
432
433
435
881
434
433
881
885
1010
433
436
934
1086
435
1068
962
1086
438
934
958
1043
942
1080
1086
440
881
883
934
778
882
1139
442
670
673
1067
444
1037
1022
1067
941
447
450
501
447
926
706
924
450
956
1032
956
965
746
452
454
759
955
453
455
701
456
701
456
1070
636
879
921
993
861
863
1102
460
461
930
979
460
894
1078
957
863
911
566
624
1212
486
559
597
798
486
657
487
543
856
890
485
709
743
764
770
1219
1009
470
474
472
855
868
473
474
852
473
800
856
775
1206
478
675
677
872
1004
1129
1183
677
740
481
913
482
913
1069
483
858
884
801
886
574
528
1195
487
835
1222
489
614
551
553
491
551
1084
903
494
964
1096
495
497
498
495
496
1216
752
1096
497
1061
501
1067
1162
500
850
924
878
944
706
506
624
1213
680
782
1168
613
818
661
834
508
662
1169
511
512
1170
510
512
529
511
888
790
1167
662
767
730
828
1221
652
734
1199
517
546
785
823
992
520
521
651
1106
521
833
1107
769
776
832
1035
552
556
982
756
805
1208
587
710
755
784
586
655
689
681
1195
593
668
710
557
681
1195
1006
1118
670
673
944
1092
998
1045
1066
1085
897
982
536
632
539
542
642
540
929
541
639
542
644
588
703
714
613
818
1221
682
547
984
1051
787
1218
590
554
1174
555
554
615
1191
601
602
601
599
761
559
560
596
657
1223
680
827
1171
563
565
564
1181
1121
1180
1141
1179
768
568
571
571
686
728
780
1193
683
685
1074
1119
578
581
579
582
1136
581
582
1124
1130
1105
584
595
765
598
599
715
735
687
725
661
1194
723
733
645
591
592
1133
594
1135
594
655
804
1112
728
597
1223
880
1222
708
813
1188
708
603
1190
846
603
1151
605
608
606
607
608
1041
842
1218
612
1099
1071
1121
615
1191
1191
618
1090
621
660
685
742
750
1090
1018
659
725
634
739
761
793
812
627
1066
1085
627
628
998
1066
635
650
1091
631
632
726
633
997
743
762
836
760
783
646
755
638
846
939
929
644
642
644
643
1065
929
686
789
650
879
648
875
1208
1205
755
906
1170
1171
656
771
1200
654
1017
987
773
1176
1178
692
722
724
683
802
707
753
665
1094
665
1068
767
869
684
1165
1207
877
732
774
1166
671
672
923
1092
706
1067
1037
1096
677
676
677
1116
678
1059
679
1108
872
776
715
685
780
787
832
854
1206
803
690
730
739
768
1215
804
1161
691
692
699
693
1159
693
731
806
697
698
760
734
774
853
699
731
783
699
700
701
701
759
921
712
722
731
723
713
909
1220
1190
1196
722
724
819
762
1196
873
713
822
1220
753
797
725
733
737
774
866
765
807
829
720
721
719
721
720
931
914
1205
1215
727
1143
803
738
763
802
793
1220
757
856
1207
756
737
826
810
813
840
973
805
742
777
795
905
1129
772
777
828
744
817
762
811
796
808
747
750
994
1062
751
1062
920
1039
814
754
783
1205
783
797
759
760
1091
1070
831
1189
772
777
842
922
788
771
826
1170
795
812
824
1106
1168
836
799
1199
817
822
831
800
840
1165
1171
843
858
1046
1138
1178
1199
906
823
788
796
807
865
1106
1170
874
933
1013
1042
828
889
904
1042
836
835
844
917
1200
835
868
847
858
849
827
826
874
853
813
876
943
866
895
912
922
1189
834
850
878
994
1071
1180
849
909
899
1193
1046
1138
898
982
1160
889
981
832
932
1089
1156
870
829
853
961
1014
889
833
854
1050
1215
940
960
875
903
1064
1084
851
978
1000
1033
1217
883
1014
868
880
922
992
1007
885
902
1014
952
1021
1026
1219
854
893
856
926
1132
913
869
873
861
862
996
864
988
864
867
888
1186
901
973
903
946
1026
893
892
900
1188
905
1096
955
882
884
958
1010
886
886
921
1158
1222
1027
1028
912
1114
1048
914
945
1056
943
1186
1016
1204
898
1159
993
1158
909
943
961
947
1013
1214
1031
979
1102
1007
961
986
1186
1187
1016
1204
1005
991
937
1062
1070
1015
944
1020
1066
1093
970
1055
1002
1145
1001
1044
1104
995
1000
1030
990
965
1110
1017
1100
940
1187
986
1053
970
964
958
962
971
957
968
1083
1183
1011
1079
1098
951
1120
952
1182
983
1149
963
1047
1048
1091
979
1052
991
971
1006
1081
1059
1037
967
977
983
989
1056
1102
1011
1072
1083
972
1069
999
1068
1056
1134
1097
1030
1031
1034
1000
1024
1217
1009
1110
1132
1017
1065
1101
1216
995
999
1177
1178
1097
1029
1077
1023
1137
1119
1111
1125
1140
1048
1155
1051
1211
1157
1014
1021
1027
1141
1179
1113
1024
1073
1049
1083
1197
1033
1130
1032
1032
1033
1052
1137
1103
1107
1202
1204
1088
1093
1075
1077
1127
1047
1050
1057
1073
1076
1050
1098
1055
1058
1085
1151
1184
1057
1057
1107
1123
1104
1076
1116
1162
1113
1122
1099
1079
1115
1209
1085
1109
1164
1123
1150
1138
1174
1111
1099
1132
1111
1131
1101
1144
1120
1101
1125
1144
1104
1106
1124
1136
1146
1128
1124
1153
1139
1128
1137
1145
1150
1141
1147
1147
1144
1143
1149
1155
1156
1155
1156
1160
1161
1160
1164
1166
1207
1168
1169
1212
1173
1174
1192
1192
1176
1181
1185
1189
1192
1194
1196
1198
1203
1204
1207
1211
1211
1213
1215
1219
1221
1224
1224
)


// ************************************************************************* //
