/*--------------------------------*- C++ -*----------------------------------*\
  =========                 |
  \\      /  F ield         | OpenFOAM: The Open Source CFD Toolbox
   \\    /   O peration     | Website:  https://openfoam.org
    \\  /    A nd           | Version:  11
     \\/     M anipulation  |
\*---------------------------------------------------------------------------*/
FoamFile
{
    format      ascii;
    class       vectorField;
    location    "constant/region3/polyMesh";
    object      points;
}
// * * * * * * * * * * * * * * * * * * * * * * * * * * * * * * * * * * * * * //


394
(
(110.106 234.735 43.7112)
(110.837 234.614 43.4669)
(109.944 234.862 43.509)
(109.378 234.884 43.7944)
(109.095 234.878 43.5876)
(108.951 234.879 43.8065)
(108.852 234.806 43.6668)
(110.813 234.449 43.5138)
(110.267 234.568 43.4983)
(109.337 234.64 43.6213)
(110.569 234.669 43.298)
(110.107 234.784 43.0846)
(110.327 234.603 43.1054)
(109.469 234.67 42.9153)
(108.964 234.521 43.1999)
(112.8 233.547 42.889)
(113.137 233.452 42.5602)
(112.221 233.924 42.6514)
(111.683 234.12 43.1478)
(111.298 234.396 42.9623)
(111.035 234.003 43.174)
(110.646 234.477 42.9291)
(110.6 234.422 43.3463)
(110.122 234.188 43.1778)
(109.21 234.187 43.1473)
(108.99 234.049 42.8172)
(114.951 232.363 42.7666)
(114.913 232.467 42.2119)
(114.061 232.996 42.2165)
(113.997 232.76 42.8463)
(113.127 233.065 42.8001)
(112.134 233.495 42.7206)
(110.729 233.19 42.5922)
(109.298 233.423 42.5364)
(114.975 231.976 42.9933)
(115.46 231.724 42.8603)
(115.509 231.784 42.4412)
(114.55 231.956 42.9048)
(115.369 231.287 42.817)
(115.756 231.019 42.4595)
(114.987 231.594 42.9359)
(115.529 230.271 42.2914)
(110.164 234.53 42.5039)
(112.563 233.571 42.4366)
(112.117 233.657 42.2074)
(111.194 234.131 42.106)
(109.578 234.376 42.2328)
(109.033 233.913 42.1881)
(114.547 232.813 42.0551)
(114.34 232.903 41.9088)
(112.507 233.382 41.8043)
(112.766 232.996 42.4599)
(112.028 232.731 42.2204)
(108.362 233.205 41.527)
(108.504 233.12 41.9953)
(108.679 232.529 41.9947)
(108.071 232.924 41.672)
(115.184 231.772 41.5313)
(114.309 232.579 41.346)
(113.765 232.199 42.665)
(113.026 232.061 42.3068)
(112.453 231.686 42.0089)
(110.873 232.221 42.0477)
(109.613 232.054 41.9531)
(107.975 232.491 41.6831)
(115.751 231.022 41.8807)
(114.771 231.215 42.6506)
(113.905 231.154 42.2929)
(113.118 231.311 42.0632)
(113.502 230.672 41.9619)
(115.866 230.004 41.7271)
(114.797 230.202 42.2047)
(114.109 230.303 42.0316)
(114.484 229.714 41.9394)
(115.314 229.331 41.9521)
(115.779 229.036 41.6906)
(114.903 229.513 41.9817)
(115.383 228.274 41.5708)
(111.754 233.784 41.6796)
(109.982 233.998 41.5668)
(113.958 232.959 41.5888)
(113.16 233.111 41.1998)
(113.513 232.907 40.9791)
(109.141 233.217 40.8659)
(108.237 232.971 41.0267)
(107.701 232.686 41.2341)
(104.405 232.43 40.8875)
(104.605 232.425 40.5973)
(103.979 232.626 40.6377)
(103.821 232.475 40.6687)
(114.57 232.11 40.925)
(114.671 231.74 40.6652)
(111.386 231.285 41.7194)
(110.443 231.625 41.7796)
(108.008 231.491 41.5533)
(106.975 232.025 41.2903)
(106.538 232.302 40.7278)
(105.426 232.029 41.0125)
(105.478 232.284 40.6497)
(104.449 232.093 40.9605)
(104.024 231.908 40.6239)
(115.086 230.981 40.7202)
(115.551 231.062 41.3886)
(112.568 230.711 41.7306)
(111.906 230.797 41.6052)
(109.781 230.905 41.4913)
(108.945 231.129 41.5673)
(106.166 231.013 41.1641)
(104.918 231.335 41.0185)
(104.62 230.697 40.7298)
(115.63 230.422 41.2204)
(113.628 229.613 41.6941)
(112.578 229.6 41.4482)
(111.691 230.231 41.4058)
(110.559 230.355 41.2886)
(108.354 230.445 41.2547)
(107.243 230.597 41.2013)
(106.449 230.443 40.8175)
(105.07 230.317 40.9901)
(105.348 230.224 40.8259)
(104.595 230.112 40.7802)
(115.803 228.844 41.2547)
(115.572 229.428 40.9688)
(114.654 228.825 41.6985)
(113.848 228.57 41.4943)
(112.883 228.159 41.2033)
(111.977 229.133 41.126)
(110.826 229.66 40.8821)
(111.648 228.923 40.7354)
(109.256 230.014 40.9356)
(107.439 230.163 40.995)
(108.089 229.966 40.9128)
(104.838 229.736 40.9197)
(105.008 229.765 40.9069)
(104.571 229.794 40.6894)
(115.604 227.537 41.1494)
(114.892 227.93 41.4944)
(114.021 227.642 41.3106)
(112.155 228.351 40.9217)
(104.835 229.574 40.8465)
(115.01 227.07 41.3169)
(113.271 227.504 40.8384)
(113.513 227.012 41.0179)
(112.458 226.693 41.1167)
(112.736 227.152 40.8661)
(112.103 227.441 40.943)
(111.691 226.689 41.0658)
(111.665 226.818 40.9273)
(111.402 226.38 41.0158)
(114.892 225.747 41.2089)
(115.458 226.266 41.1118)
(113.691 226.332 41.2105)
(113.076 226.725 40.9567)
(111.666 226.056 41.1097)
(111.388 226.013 41.0105)
(114.935 224.965 41.1554)
(115.332 225.324 41.0453)
(113.896 224.984 41.171)
(112.567 225.441 41.1614)
(111.766 225.557 41.0054)
(114.631 224.63 41.0941)
(115.087 224.746 41.0391)
(114.07 224.611 40.9763)
(114.714 224.645 40.95)
(112.947 224.761 41.125)
(113.262 224.64 40.9908)
(112.47 224.948 40.9915)
(111.088 233.642 41.0372)
(110.08 233.558 40.7644)
(112.816 232.972 40.4624)
(111.93 233.047 40.2269)
(112.425 232.861 39.9489)
(110.372 233.003 40.0763)
(107.991 232.453 40.51)
(103.831 232.507 40.4333)
(103.477 232.564 40.2412)
(103.527 232.449 40.156)
(103.397 232.44 40.3275)
(103.11 232.13 39.8397)
(113.761 232.048 40.075)
(114.328 231.402 40.0711)
(113.181 232.688 40.3304)
(109.696 231.977 39.7163)
(106.838 232.062 40.2192)
(105.241 232.084 40.0332)
(103.918 232.293 40.0805)
(103.603 232.399 40.4518)
(103.495 231.953 40.2362)
(103.009 231.38 39.7085)
(114.513 230.724 40.0586)
(107.982 231.413 40.0648)
(108.589 230.854 40.0454)
(108.347 230.455 40.2988)
(106.722 230.841 40.2921)
(106.299 231.584 40.0076)
(105.585 231.109 40.0063)
(105.164 230.598 40.4182)
(104.182 230.891 40.4636)
(103.539 231.035 40.1485)
(115.141 230.019 40.5522)
(114.828 230.394 40.2739)
(109.63 229.964 40.4467)
(108.854 230 40.5638)
(108.335 229.987 40.6654)
(107.478 230.2 40.6629)
(104.814 230.274 40.5928)
(104.567 230.351 40.3705)
(104.45 230.39 40.5738)
(104.094 230.355 40.4071)
(103.399 230.705 39.6786)
(104.281 230.189 40.263)
(115.223 228.072 40.7587)
(114.897 229.057 40.4166)
(111.084 229.495 40.2342)
(104.787 229.857 40.6549)
(114.278 228.049 40.398)
(114.377 228.888 40.16)
(113.854 228.707 40.0949)
(113.429 227.983 40.3535)
(112.104 228.257 40.5305)
(115.192 226.814 40.7648)
(114.206 226.557 40.6476)
(113.512 227.128 40.6831)
(112.748 227.787 40.4904)
(112.194 227.136 40.7336)
(111.713 226.231 40.8733)
(115.298 225.933 40.8709)
(114.865 226.048 40.6971)
(112.765 226.386 40.7588)
(114.386 225.181 40.7841)
(113.152 225.229 40.7931)
(112.178 225.513 40.8464)
(115.083 224.994 40.9031)
(113.626 224.706 40.8516)
(112.155 232.857 39.7673)
(112.329 232.478 39.59)
(110.985 232.449 39.3123)
(110.238 232.513 39.4775)
(103.237 232.214 39.502)
(113.867 231.57 39.6951)
(113.564 231.59 39.5119)
(110.271 232.285 39.2806)
(110.549 231.923 39.1124)
(105.218 231.491 39.78)
(104.271 231.515 39.3444)
(103.698 231.947 39.1304)
(102.676 231.51 38.947)
(113.737 230.871 39.5269)
(110.565 231.413 39.2217)
(111.237 231.319 38.9919)
(111.101 230.503 39.4842)
(109.476 230.643 39.9735)
(104.44 230.878 39.764)
(104.062 231.16 39.3234)
(103.402 231.121 38.9702)
(102.464 230.779 39.1087)
(102.253 231.046 38.5678)
(101.954 230.511 38.7571)
(114.178 229.757 39.9356)
(113.703 230.151 39.498)
(113.417 230.304 39.3408)
(111.905 230.639 39.0981)
(112.816 230.572 39.1861)
(112.358 230.023 39.3561)
(102.436 230.397 38.8158)
(101.99 230.011 38.875)
(101.685 230.142 38.6318)
(113.238 229.883 39.468)
(112.71 229.064 39.9257)
(102.055 229.757 38.8353)
(101.684 229.78 38.6327)
(101.895 229.62 38.8039)
(112.859 231.545 39.2629)
(111.727 231.842 39.0124)
(111.065 231.915 38.9477)
(103.601 231.594 38.8385)
(102.97 231.504 38.3541)
(102.738 231.673 38.5)
(112.097 231.159 38.97)
(102.633 231.062 38.6363)
(102.697 231.272 38.4041)
(102.447 231.343 38.4107)
(102.331 230.909 38.2609)
(102.156 231.206 38.1411)
(101.732 230.626 38.2981)
(101.9 230.258 38.212)
(101.459 230.109 38.3217)
(101.454 230.39 38.0161)
(101.36 230.135 38.0833)
(101.89 229.782 38.6143)
(101.54 229.951 38.2711)
(102.312 231.285 37.8503)
(102.381 231.145 37.8567)
(101.811 230.817 37.7953)
(101.962 230.726 37.7776)
(101.559 230.329 37.9233)
(102.075 231.011 37.6016)
(112.262 231.646 40.474)
(113.232 230.452 40.2468)
(110.886 231.851 40.0868)
(113.466 231.421 40.7368)
(114.45 230.771 41.2715)
(113.129 233.122 42.3721)
(115.45 229.71 41.6232)
(111.506 232.57 41.2767)
(103.938 231.743 39.8653)
(110.774 234.458 43.2704)
(112.399 226.454 40.9191)
(112.95 225.04 40.9993)
(112.475 228.457 40.6772)
(103.772 232.485 40.5055)
(113.646 228.02 40.9064)
(106.113 231.712 40.6685)
(109.073 233.072 41.7314)
(109.723 234.656 43.3227)
(109.898 230.347 40.758)
(115.219 231.094 42.1537)
(107.888 230.501 40.8541)
(104.935 231.155 40.2778)
(103.407 232.213 40.1163)
(101.645 230.227 38.2328)
(101.834 230.039 38.598)
(102.166 230.982 38.1066)
(104.779 231.895 40.6381)
(114.923 225.78 40.9851)
(103.073 231.431 38.9085)
(107.644 232.157 41.1505)
(114.523 224.987 40.9996)
(104.748 230.241 40.7108)
(114.459 232.208 42.5318)
(114.722 227.514 40.996)
(111.804 229.475 40.4449)
(109.044 230.51 40.7585)
(115.41 230.6 41.8731)
(113.736 224.897 40.9636)
(111.501 233.251 41.9812)
(105.38 231.523 40.492)
(110.137 234.673 43.3063)
(113.173 226.193 40.9697)
(102.8 231.002 39.0426)
(107.102 231.567 40.7064)
(115.07 231.771 42.6359)
(104.282 231.04 40.0799)
(101.864 230.581 38.107)
(110.75 234.101 42.8191)
(112.015 226.682 40.9458)
(114.907 225.229 41.0269)
(102.493 231.291 38.2198)
(104.519 230.168 40.5474)
(104.187 232.293 40.6235)
(107.149 230.796 40.7654)
(115.264 228.841 41.2915)
(109.244 234.692 43.4458)
(105.006 230.448 40.7344)
(103.525 232.46 40.2925)
(108.352 232.634 41.5605)
(112.653 233.436 42.6274)
(114.911 226.604 40.9879)
(112.443 232.71 41.7731)
(113.772 226.809 40.9118)
(109.8 233.681 42.16)
(102.228 230.613 38.6893)
(115.338 231.431 42.5472)
(104.572 231.629 40.2582)
(103.437 231.666 39.596)
(112.439 225.653 40.9828)
(105.251 230.915 40.726)
(108.498 230.269 40.7987)
(104.192 230.609 40.2005)
(112.508 227.782 40.7554)
(114.889 228.313 41.1024)
(109.951 234.482 43.0075)
(104.752 229.91 40.7556)
(102.752 231.474 38.5211)
(111.459 233.832 42.5873)
(110.618 230.575 40.516)
(112.394 227.222 40.8972)
(113.118 232.789 41.9807)
(110.026 234.085 42.7298)
(112.167 233.704 42.6697)
(102.042 230.682 38.4233)
(113.827 227.521 40.8467)
(103.681 231.173 39.708)
(111.929 226.183 40.9884)
(110.412 234.628 43.4695)
(115.034 227.761 41.1693)
(102.305 231.19 38.056)
(111.093 234.223 43.0985)
(113.837 232.455 42.2157)
(109.545 233.977 42.436)
(105.94 230.771 40.7749)
(104.929 230.089 40.8101)
(112.955 227.843 40.7884)
(109.519 234.299 42.9302)
)


// ************************************************************************* //
