/*--------------------------------*- C++ -*----------------------------------*\
  =========                 |
  \\      /  F ield         | OpenFOAM: The Open Source CFD Toolbox
   \\    /   O peration     | Website:  https://openfoam.org
    \\  /    A nd           | Version:  11
     \\/     M anipulation  |
\*---------------------------------------------------------------------------*/
FoamFile
{
    format      ascii;
    class       labelList;
    location    "constant/region3/polyMesh";
    object      pointRegionAddressing;
}
// * * * * * * * * * * * * * * * * * * * * * * * * * * * * * * * * * * * * * //


394
(
150761
150762
150763
150764
150765
150766
150767
150768
150769
150770
151098
151099
151100
151101
151102
151103
151104
151105
151106
151107
151108
151109
151110
151111
151112
151113
151114
151115
151116
151117
151118
151119
151120
151121
151122
151123
151124
151125
151126
151127
151128
151133
151375
151376
151377
151378
151379
151380
151381
151382
151383
151384
151385
151386
151387
151388
151389
151390
151391
151392
151393
151394
151395
151396
151397
151398
151399
151400
151401
151402
151407
151408
151409
151410
151415
151416
151417
151421
151668
151669
151670
151671
151672
151673
151674
151675
151676
151677
151678
151679
151680
151681
151682
151683
151684
151685
151686
151687
151688
151689
151690
151691
151692
151693
151694
151695
151696
151697
151698
151699
151704
151705
151706
151707
151708
151709
151710
151711
151712
151713
151714
151720
151721
151722
151723
151724
151725
151726
151727
151728
151729
151730
151731
151732
151733
151737
151738
151739
151740
151741
151748
151749
151750
151751
151752
151753
151754
151755
151756
151762
151763
151764
151765
151766
151767
151776
151777
151778
151779
151780
151786
151787
151788
151789
151790
151791
151792
152024
152025
152026
152027
152028
152029
152030
152031
152032
152033
152034
152035
152036
152037
152038
152039
152040
152041
152042
152043
152044
152045
152050
152051
152052
152053
152054
152055
152056
152057
152058
152059
152065
152066
152067
152068
152069
152070
152071
152072
152073
152074
152075
152076
152083
152084
152085
152086
152091
152092
152093
152094
152095
152100
152101
152102
152103
152104
152105
152111
152112
152113
152126
152127
152128
152143
152144
152360
152361
152362
152363
152364
152365
152366
152367
152368
152369
152370
152371
152372
152377
152378
152379
152380
152381
152382
152383
152384
152385
152386
152387
152393
152394
152395
152396
152397
152398
152399
152400
152401
152406
152407
152408
152409
152416
152620
152621
152622
152623
152624
152625
152630
152631
152632
152633
152634
152635
152636
152642
152643
152644
152645
152650
152651
152792
152793
152794
152802
152803
152938
197356
212034
220875
242621
258355
267346
268012
268512
268792
269092
269466
269468
269542
269740
270063
270098
270164
270195
270506
270524
270646
270657
270670
270690
270743
271035
271093
271145
271328
271400
271685
271686
271872
271926
271958
272889
273125
273165
273294
273393
273493
273600
273629
273809
273901
273929
274021
274219
274293
274401
274484
274601
274655
274671
274705
274985
275143
275207
275240
275267
275441
275741
276095
276126
276254
276303
276340
276434
276435
276480
276508
276556
276672
276972
277112
277382
277430
277619
277665
277744
277932
277959
277977
278065
278141
278195
278465
278623
278705
278767
278788
278958
279002
279054
279305
279408
279438
)


// ************************************************************************* //
