/*--------------------------------*- C++ -*----------------------------------*\
  =========                 |
  \\      /  F ield         | OpenFOAM: The Open Source CFD Toolbox
   \\    /   O peration     | Website:  https://openfoam.org
    \\  /    A nd           | Version:  11
     \\/     M anipulation  |
\*---------------------------------------------------------------------------*/
FoamFile
{
    format      ascii;
    class       faceList;
    location    "constant/region6/polyMesh";
    object      faces;
}
// * * * * * * * * * * * * * * * * * * * * * * * * * * * * * * * * * * * * * //


88
(
3(17 6 7)
3(17 7 14)
3(17 14 6)
3(17 6 5)
3(17 5 7)
3(13 11 17)
3(11 15 17)
3(13 17 15)
3(13 16 17)
3(13 11 16)
3(11 17 16)
3(10 17 8)
3(10 12 17)
3(8 17 12)
3(17 7 8)
3(17 8 14)
3(16 17 10)
3(13 16 10)
3(13 10 17)
3(17 10 5)
3(5 10 16)
3(17 5 16)
3(17 8 5)
3(16 4 18)
3(4 9 18)
3(16 9 4)
3(16 18 9)
3(3 4 18)
3(3 16 4)
3(3 18 16)
3(4 1 18)
3(9 18 1)
3(4 18 0)
3(3 0 18)
3(0 1 18)
3(16 9 11)
3(16 11 4)
3(9 16 6)
3(9 2 16)
3(6 16 2)
3(11 16 6)
3(11 6 17)
3(6 15 17)
3(17 15 12)
3(17 12 13)
3(16 13 4)
3(6 17 16)
3(18 9 2)
3(16 18 2)
3(16 3 10)
3(16 5 3)
3(16 10 4)
3(15 14 17)
3(12 17 14)
3(16 2 5)
3(16 5 6)
3(16 2 3)
3(0 2 18)
3(1 18 2)
3(18 3 2)
3(7 6 14)
3(7 5 6)
3(13 15 11)
3(10 8 12)
3(7 14 8)
3(5 8 10)
3(9 1 4)
3(4 0 3)
3(0 4 1)
3(4 11 9)
3(9 6 2)
3(11 6 9)
3(11 15 6)
3(15 13 12)
3(4 13 11)
3(5 10 3)
3(4 10 13)
3(4 3 10)
3(15 12 14)
3(14 6 15)
3(6 5 2)
3(5 3 2)
3(10 12 13)
3(7 8 5)
3(12 8 14)
3(0 1 2)
3(3 0 2)
3(9 2 1)
)


// ************************************************************************* //
