/*--------------------------------*- C++ -*----------------------------------*\
  =========                 |
  \\      /  F ield         | OpenFOAM: The Open Source CFD Toolbox
   \\    /   O peration     | Website:  https://openfoam.org
    \\  /    A nd           | Version:  11
     \\/     M anipulation  |
\*---------------------------------------------------------------------------*/
FoamFile
{
    format      ascii;
    class       labelList;
    location    "constant/region2/polyMesh";
    object      cellRegionAddressing;
}
// * * * * * * * * * * * * * * * * * * * * * * * * * * * * * * * * * * * * * //


7958
(
45
703
713
1231
1449
1521
2447
2503
2846
3692
3830
4127
6458
7569
7588
7694
7736
7795
7836
7854
8177
8456
11302
11636
12324
12998
14579
14748
15938
17184
17607
17768
17863
17921
17958
17981
18012
18093
18215
18357
18596
18927
19390
19483
19536
19546
19577
19651
19950
20627
20900
21403
23268
23276
23297
24918
25245
26475
26561
26602
26665
26744
27515
27519
27535
27562
27576
27771
27885
28535
29137
30439
31052
31740
32052
33995
34032
34182
34304
34311
34317
34415
35524
36553
36600
38394
38456
38485
38489
38574
38614
38641
38816
39369
39857
39978
40428
40502
40828
40914
40917
41355
41363
41928
42964
43788
43799
45308
45351
45371
45383
45605
45865
46128
46133
46212
46399
46406
47022
47034
47315
47556
47650
47701
47708
47719
47720
47731
47744
47905
48077
48275
48747
48831
49788
50203
50207
50212
50228
50820
51251
51508
51509
51521
51585
52015
53601
54022
54190
54217
54231
54265
54296
54433
54687
55974
56140
56144
56193
56202
56368
56567
56609
56798
57203
57209
57578
57723
58040
58244
58247
58526
58535
58955
59215
60139
61756
61809
61819
61977
62796
62938
63131
63477
63644
64790
64813
64814
64819
64845
64858
65690
66038
66262
66264
66965
66966
66992
67012
67047
67060
67100
67112
67748
68457
68462
68548
68593
68622
68633
68987
69373
70448
70727
71253
71613
71888
72396
72440
72470
73495
75184
76229
76427
76565
76695
77470
77592
77853
78788
78841
78919
81135
81999
82106
82803
82865
83009
83901
84309
84652
84667
84704
84741
84833
85089
85402
85415
85431
85479
85480
85500
85538
86031
86059
86778
87608
87967
87997
88011
88014
88021
88029
88043
88061
88113
88288
88697
88913
89169
89828
90177
90186
90252
91202
91238
91386
91439
91905
91910
91975
92222
93249
93423
93506
93974
94192
94220
94230
94747
94756
95262
95710
95798
95862
96092
96374
96575
97332
97732
98093
98322
98505
98574
98879
99013
99392
99591
99672
99966
100069
100075
100477
100674
101506
103365
104425
104838
105282
107900
107963
108035
108049
108543
108686
108814
109133
109260
109433
110101
110721
110752
111630
112228
112770
112949
113177
113209
113240
113250
113293
113295
113308
113422
113530
113993
114330
114616
114631
114683
114778
115219
116810
116933
117887
118059
118339
118636
118851
119016
119311
119458
119577
120721
121210
121546
121821
122096
123159
123195
123282
123334
123354
123355
123420
123626
123830
123842
124180
124207
124215
124222
124814
124820
125038
125161
126593
126630
127019
127801
128446
128519
128525
128715
128805
129006
129010
129177
131126
132026
132251
132274
132278
133302
134348
134763
135052
135364
135699
135784
135957
135994
136198
136523
136642
136665
136854
137100
137707
137849
137860
137890
137922
138014
138027
138036
138674
138788
138893
138957
139075
139131
139236
139506
139646
140443
140450
140595
140835
141669
141975
141983
142287
142422
142429
142534
142797
142801
142816
142819
142825
142854
142855
142881
142883
142885
142970
143235
143259
143297
143302
143900
143942
143969
144368
144664
144990
145158
146828
147036
147277
147372
147399
147775
148452
148987
148996
149025
149033
149047
149053
149736
149760
149772
149805
149940
150328
150331
150349
150352
150754
151079
151451
151932
152606
153193
153204
153223
153240
153246
153300
154408
154751
154920
155137
156265
156296
156422
156606
156946
157595
157603
157958
158141
158153
158358
158681
159320
159479
159639
160352
160356
160874
161027
161144
161632
162406
162771
162773
162780
162790
162794
164770
166553
166760
167215
167722
168107
168676
169238
169592
169688
170440
170622
171411
171597
171688
171852
172644
172889
173912
174029
174036
174044
174053
174111
174154
174169
174194
174196
175250
175254
175293
175305
175341
175342
175347
176437
176563
176969
177913
177939
178192
178202
178436
178753
179569
179580
179602
179623
179632
179633
179634
179769
180043
180335
180343
180673
181082
181291
181549
181889
182092
182508
183391
183936
184269
184331
184566
185208
185374
185659
185673
185813
185833
185847
185855
186428
186452
186461
186790
186868
186937
187639
187927
188291
188762
188905
188912
189373
189385
189436
189607
189735
189751
189933
191331
191367
193776
194394
194475
195243
195824
196673
196877
196969
197230
197626
197803
197804
198885
200057
200889
200950
201152
201159
201185
201202
201723
201744
201747
201752
201765
201788
201791
201980
202363
202454
202568
202662
202966
203710
203822
203837
203838
203897
203899
203919
203950
204005
204011
204018
204278
204280
204295
204310
204324
204376
204740
205283
205430
205824
206072
206376
207338
207923
207926
207972
207973
208049
208142
208184
208218
208223
209026
209229
209713
209826
209888
209910
209932
210265
210266
210270
210421
210462
210556
210882
210918
210979
211096
211295
211830
212034
212129
212442
212620
212810
213035
213765
213771
213780
213790
213826
213828
213859
213932
213946
213969
213971
213983
214139
214818
215041
215099
215108
215133
215164
215589
215609
215821
215925
216338
216869
216913
216971
217022
217882
218360
218492
218620
218637
218654
218665
218692
218693
218723
219219
219233
219247
219257
219373
219375
219382
219436
219580
219679
220006
220085
220481
220627
220765
221635
221798
222211
222918
222955
223646
223762
223963
224512
224554
224565
224763
225020
225054
225868
225884
225893
225963
225969
225975
226408
226417
226587
226672
226940
227117
227532
227628
228239
228323
228687
228859
229046
229304
229453
229534
229992
230173
230304
230341
230345
230349
230371
230373
230382
230385
230390
230443
230523
230539
230681
231728
231856
231864
231881
231907
231975
231986
232048
232089
232572
232575
232582
232595
232601
232659
232676
232697
232769
233003
233232
233305
233480
233572
234125
234126
234142
234158
234165
234168
234184
234657
234738
234964
235262
235298
235714
235722
235734
235755
235982
236007
236827
236846
236878
237193
237334
237737
237914
238058
238153
238208
238381
238703
239007
239583
239654
240281
240349
241309
241543
241601
241658
241722
241744
241769
241788
241820
241845
241910
242141
242170
242723
242746
242990
242995
242997
243047
243107
243126
243175
243768
244300
244440
244886
245088
245422
245805
245827
246088
246229
246310
246468
246475
246793
247002
247008
247010
247066
247092
247228
247656
247843
247927
247993
248203
248347
248448
248537
248650
248924
248988
249023
249750
249834
249845
249861
249965
249998
250815
251091
251133
251558
251756
251778
251856
252364
252668
252752
253050
253800
254123
254389
254531
254697
254805
254809
254869
255322
255592
255595
255765
255986
256103
256238
256314
256330
256350
256436
256495
256652
256733
256975
257318
257390
257697
257860
257964
257970
259545
259869
259872
259920
260257
260481
260518
260936
261135
261208
261298
261328
261407
261449
261501
261962
261985
261987
262016
262026
262041
262063
262110
262400
262446
262731
262763
262849
263200
263266
263456
263554
263705
264143
264495
265136
265335
265340
265389
265555
265649
265664
265666
265675
265720
266082
266655
266694
266740
266792
266820
266832
266845
267213
267875
268697
268719
269009
269098
269183
269428
269460
269496
269518
269530
269674
270063
270256
270702
270745
271124
271164
271168
271211
271213
271270
271325
271417
271478
271901
272416
273120
273149
273199
273215
273232
273303
273519
273615
273630
273795
273798
273927
274187
274670
274872
274873
275031
275069
275072
275126
275163
275179
275399
275632
275723
275800
277480
277556
277843
277989
278206
278233
278246
278290
278291
278294
278316
278675
278699
278709
278796
279003
279007
279060
279077
279084
279118
279255
279372
279447
279516
279526
279567
279605
279648
280056
280312
280363
280380
280387
280415
280423
280433
280442
280456
280492
280519
280536
280575
280590
281017
281357
281370
281405
281433
281447
281453
281461
281642
281838
282051
282360
282758
282884
283041
283275
283397
283840
283896
284191
284323
284354
284690
284949
285665
285749
286184
286992
287011
287135
287349
287526
287707
288497
288539
289002
289007
289107
289542
289621
289747
290030
290391
290415
290895
290933
291411
291617
291803
291830
291835
291878
291900
291914
291923
291936
291937
291946
292070
292087
292095
292098
292141
292154
292246
292259
292524
292534
292541
292549
292617
292620
292683
293478
293589
293755
293946
293996
294168
294256
294281
294564
294719
294735
294857
294924
294992
295130
295357
295490
295914
296090
296128
296278
296485
296715
296787
296963
297628
297726
297844
298005
298018
298081
298093
298125
298174
298264
298276
298410
298467
298513
298721
298760
298772
298780
298783
298837
298884
298886
299521
299908
300068
300145
300158
300396
300642
300986
301005
301130
301456
301497
301614
301799
301960
302631
302712
302734
302771
302845
302880
302881
302893
302978
303116
303161
303207
303526
303977
303990
303999
304073
304379
305068
305207
305413
305792
305849
305939
306286
306287
306426
306795
306995
307065
307080
307091
307221
307280
307350
307354
307399
307415
307421
307513
307703
307716
307824
307926
307968
308018
308248
308251
308359
308369
308806
309070
309181
309233
309247
309705
309992
310528
310589
310730
310782
310814
311095
311686
311745
311751
311776
311884
311922
311925
311941
311951
311981
312012
312214
312220
312242
312244
313013
313305
313414
313438
313569
313919
314161
314583
314647
314768
314789
314822
315005
315131
315654
315802
315899
315920
315946
315952
315993
316007
316160
316454
316621
316624
316648
316655
316656
316674
317311
317589
317612
317910
318011
318050
318064
318173
318356
318402
318408
318451
318624
318637
318645
318741
318776
318778
318939
318949
318965
319017
319037
319046
319057
319064
319090
319117
319666
319777
319795
319835
319861
319958
319967
319993
320264
320419
320466
320586
320627
320682
320786
320830
321121
321258
321388
321538
321555
321884
322085
323018
323111
323114
323460
323753
323860
323973
323992
324287
324405
324406
324649
324913
324939
325070
325523
325569
325752
325906
326254
326375
326875
326923
327085
327091
327100
327101
327102
327105
327186
327230
327429
327792
328080
328191
328280
328294
328361
328399
329251
329314
329331
329390
329468
329640
329691
329715
329839
330000
330014
330026
330343
330354
330369
330450
331160
331221
331399
331613
331700
331716
331725
331742
331759
331760
331778
331900
331921
332116
332359
332430
332447
332450
332480
332484
332563
332837
332863
333010
333021
333092
333128
333376
333383
333385
333403
333448
333493
333542
333543
333580
333596
333621
333656
333705
333715
333916
333931
333934
333984
334002
334037
334081
334507
334651
334857
334921
335128
335331
335357
335539
335586
335593
335621
335716
335743
335773
335781
335990
336063
336336
336356
336800
336907
336991
337079
337138
337301
337366
337380
337775
338171
338234
338374
338563
338602
338617
338757
338832
339398
339414
339509
339778
339784
339898
340048
340051
340345
340373
340396
340455
340496
340506
340509
340578
340600
340609
340654
340688
340857
341039
341052
341345
341419
341444
341565
341603
341668
341775
341782
341824
342127
342290
342428
342454
342465
342536
342603
342624
342654
343225
343241
343252
343491
343504
343519
343527
343542
343550
343590
343746
343762
343966
344048
344219
344331
344338
344354
344370
344382
344413
344446
344459
344525
344764
344772
344913
344931
345071
345077
345081
345208
345549
345630
345747
345783
345788
345831
345848
345875
345898
345920
345931
345940
345990
346324
346509
346754
346836
346951
346981
346984
347018
347036
347083
347109
347111
347454
347570
347732
347844
347956
348005
348010
348087
348381
348946
349139
349154
349208
349403
349583
349678
349881
349882
350212
350227
350231
350268
350319
350329
350437
350494
350563
350607
350626
350821
350883
350976
351003
351010
351174
351330
351856
351871
351886
351979
352188
352192
352386
352392
352393
352426
352430
352436
352438
352449
352484
352518
352618
352794
352979
352994
353007
353052
353056
353062
353072
353456
353597
353616
353695
353826
353936
354110
354161
354162
354171
354248
354259
354323
354532
354557
354616
354670
354678
354693
354714
354722
354737
354750
354813
355000
355034
355127
355160
355273
355403
355749
355787
355872
355881
355915
355941
355948
355949
356030
356059
356100
356111
356144
356285
356870
357063
357064
357072
357088
357092
357095
357173
357192
357332
357401
357402
357415
357419
357504
357510
357581
357599
357659
357823
357856
358302
358371
358420
358453
358625
358723
358753
358823
358938
358945
358954
358964
358971
359196
359237
359246
359248
359262
359270
359277
359287
359308
359360
359371
359640
359672
359794
359907
359966
360163
360346
360368
360387
360428
360452
360498
360530
360535
360550
360551
360637
360730
360876
360886
360919
360948
361122
361236
361268
361500
361537
361683
361879
361990
362018
362072
362249
362257
363121
363289
363337
363350
363395
363428
363672
363849
364080
364208
364270
364545
364716
364785
364816
364819
364820
364837
364877
364889
364904
365016
365028
365273
365316
365384
365542
365546
365807
365863
365959
366249
366279
366308
366363
366410
366547
366713
367229
367267
367291
367294
367301
367314
367342
367349
367352
367424
367650
367742
367986
368184
368389
368411
368415
368418
368517
368627
368687
369619
369632
369762
370035
370332
370344
370396
370417
370488
370589
370617
370634
370916
370963
371084
371105
371339
371615
371616
371800
371847
371884
371932
372219
372520
372813
372901
372995
373060
373063
373078
373122
373140
373155
373168
373187
373200
373225
373238
373293
373337
373691
373891
373962
374353
374442
374504
374565
374686
374795
374875
374988
375002
375028
375035
375277
375407
375704
375740
375784
375788
375898
375901
375919
375922
375946
376015
376028
376059
376068
376076
376108
376134
376204
376257
376291
376300
376638
377122
377416
377424
377488
377499
377651
377761
378362
378417
378741
378749
379098
379392
379410
379423
379498
379592
379661
379688
379702
379802
379818
379823
379905
379980
380019
380398
380702
381081
381105
381165
381260
381504
381618
381702
382305
382398
382460
382470
382474
382557
382703
382933
383186
383779
383829
384004
384183
384233
384339
384441
384671
384831
384923
385439
385579
385757
385774
385794
385883
386151
386155
386311
386379
386788
387108
387211
388081
388133
388138
388277
388368
388372
388488
389159
389427
390150
390534
390883
390940
391018
391039
391087
391350
391410
391413
391431
391469
391472
391509
391673
391686
391705
392015
392035
392088
392104
392777
392893
393348
393375
393627
393890
393928
393957
393969
393992
394012
394051
394074
394100
394169
394192
394199
394246
394361
394434
394549
394641
394725
394802
394815
395146
395375
395377
395414
395774
395995
396035
396375
396473
396925
396979
397144
397166
397167
397180
397188
397189
397215
397465
397717
397958
398660
398963
399154
399743
399745
399807
400774
401025
401164
401363
401586
401632
401664
401760
401784
402370
402371
402393
402524
402575
402875
403128
403134
403175
403188
403208
403221
403271
403566
403647
404410
404561
404748
404768
405427
406102
406246
406471
406505
406719
406951
407049
407090
407674
407709
407747
407821
407841
407918
408027
408063
408190
408591
408784
408902
409104
409256
410332
410350
410364
410385
410391
410401
410403
411065
411351
411599
411840
411907
412089
412167
412415
412584
412591
412605
412611
412621
412626
412652
412677
413031
413034
413061
413067
413087
413102
413586
414432
414458
414687
414702
414705
414711
414714
414722
414767
415154
415411
415648
415653
415658
415697
415701
416545
417164
417423
417447
417483
418529
418777
419166
419810
419945
420048
420092
420616
420725
420754
421245
421325
421335
421352
421374
421380
421552
421649
422035
422039
422059
422064
422070
422082
422087
422097
422690
422698
422908
422990
423199
423229
423627
423703
423925
425013
425014
425040
425049
425054
425069
425071
425465
425486
425875
425983
426187
426235
426247
426249
426251
426295
426495
426954
427092
427567
427666
427669
428047
428056
428239
428361
428655
428781
429104
429442
429473
429515
429654
429724
430035
430235
430364
430472
430659
430768
430791
430849
430988
430992
431413
431458
431544
431696
432147
432221
432400
432489
432844
432866
433064
433237
433333
433459
433698
433858
433871
434115
434149
434502
434609
435045
435059
435118
435144
435547
436162
436190
436214
436222
436239
436253
436271
436275
436533
436587
437003
437358
437449
437735
437739
437749
437776
437794
438219
438558
438562
438617
438618
438690
439642
439755
439893
440751
440808
441115
441126
441222
441270
441605
441836
442128
442130
442215
442259
442264
442446
442534
442587
442674
442681
442845
442968
442972
442977
442987
443012
443014
443039
443444
443615
444015
444049
444231
444271
444273
444293
444295
444402
444408
444481
445146
445276
445307
445368
445402
445605
445646
445838
445844
445854
445873
446071
446128
446146
446166
446200
446691
446741
446841
447164
447199
447391
447472
447591
447724
447876
447892
447902
447934
447954
448046
449056
449466
449712
449847
450144
450671
450715
450851
450923
451243
451281
451307
451577
451579
451589
451592
451654
451657
451710
451711
451781
451856
451891
452001
452106
452178
452479
452803
452807
452823
452838
452839
452849
452873
453099
453251
453935
453955
454351
454503
454542
454683
454734
455265
455269
455311
455312
455332
455334
455872
456047
456065
456114
456316
456622
456665
457052
457179
457297
457550
457672
457938
457954
458052
458129
458256
458272
458287
458303
458311
458442
458452
459016
459164
459244
459281
459870
459878
460076
460291
460322
460401
461058
461229
461268
461444
462328
462410
462966
462973
463054
463074
463248
463306
463316
463410
463435
463738
463739
463993
464193
464197
464361
464457
464460
464462
464478
464499
464513
465197
465219
465367
465472
465493
465498
465524
465928
466564
466665
466826
466907
466911
466930
466961
466969
466970
466992
467728
467736
468094
468256
468479
468504
468621
468761
468973
469097
469329
469355
469807
470286
470841
471732
472031
472233
472559
472722
472833
472846
472857
472886
472892
472903
472907
473020
473046
473151
473303
473327
473665
473734
473750
474112
474417
474432
474550
474644
474648
474729
475055
475063
475068
475077
475083
475177
475280
475381
475476
475694
475719
476041
476070
476076
476099
476139
476155
476205
476209
476220
476227
476238
476317
476338
476358
476375
476427
476436
476452
476637
476802
476917
476966
477079
477161
477368
477436
477954
478063
478188
478516
478533
478558
478576
478826
479697
479745
479761
479788
479807
479830
479925
479950
480073
480155
480261
480421
480838
480840
480900
481068
481195
481342
481392
481397
481454
481700
482033
482191
482202
482370
482486
482622
482637
482898
483026
483382
483610
484134
484477
484490
484509
484532
484751
484923
484927
485041
485066
485081
485091
485130
485159
485235
485347
485818
486261
486696
487188
487378
487524
487674
488040
488079
488124
488264
488418
488438
488439
488514
488530
488871
489569
490037
490427
490606
490740
491486
491554
491579
491597
492154
492219
492250
492384
492459
492532
492536
492537
492683
492778
492852
493119
493132
493133
493150
493165
493268
493276
493572
493751
494062
494362
494646
494656
495155
495608
495806
496289
496444
496514
496563
496621
496742
496746
496786
497120
497124
497421
497552
497601
498270
498354
498613
498778
498873
498964
499060
499085
500277
500289
500534
500837
501938
502163
502561
502881
503362
503699
503917
504278
504944
505892
505960
506386
506401
506848
506900
507172
507207
507341
507766
507997
508002
508177
508788
508942
509024
509090
509174
509177
510491
510897
510921
511452
511761
511837
512184
512280
512641
512918
513076
513146
513254
514090
514100
514188
514201
514216
515240
515653
516427
516453
516831
516956
517129
519046
519332
519437
519486
519531
519883
519886
521346
521742
522257
522376
522420
522568
522593
522801
523649
523695
524004
524091
524172
524705
524960
525081
525170
525783
526027
526317
526494
526616
527143
527298
527492
527681
528098
528113
528198
528259
528574
528648
528888
529143
529174
529851
530132
530597
530991
531185
531334
531537
531735
531765
531821
532583
532665
533426
533788
533870
534241
534383
534646
535009
535197
535206
535345
535418
535460
535473
535547
535593
535603
535606
535640
535753
535864
535915
536080
536280
536352
536517
536519
536670
536722
536726
536732
536861
537324
537419
538203
538740
538837
538873
539389
539734
539787
539788
539790
539796
539845
539878
539900
540009
540238
540769
540832
541637
541792
542316
542358
542375
542918
543204
543450
543545
543546
544750
544778
544881
545102
545308
545389
545544
545947
546616
546833
546862
547999
548043
548157
548192
548331
548352
548374
548411
548421
549109
549313
549423
549542
549550
549557
549588
549600
549663
549743
549749
549761
550161
550220
550358
550583
550775
551277
551411
552237
552780
552888
553007
553033
553097
553142
553322
553479
553496
553738
553752
554190
554354
554423
554826
554897
554999
555138
555192
555340
555483
555490
555580
555593
555727
555920
557161
557164
557548
557796
558082
558446
558660
559047
559062
559416
559496
559805
559896
560074
560078
560158
560174
560265
560519
560584
560671
560831
561257
561454
561494
561554
561766
561939
561996
562092
562715
562839
562861
563069
563609
564094
564105
564143
564827
565052
565110
565125
565259
565318
565591
565666
565700
565702
565795
565986
566270
566489
566648
566781
567256
567446
567487
567836
568147
568218
568298
568425
568574
568716
568817
568870
568883
568977
569342
569622
569720
569830
569957
570056
570060
570183
570320
570558
570665
570674
570808
570903
571258
572153
572412
572457
572758
572824
572836
573191
573196
573493
573896
574466
574672
575288
575317
575388
575426
575459
575654
575972
576061
576069
576094
576368
576402
577953
577956
577991
578054
578062
578087
578784
579096
579212
579687
579966
580016
580260
580268
580291
580479
580491
580497
580524
580571
580588
580841
581013
581021
581030
581047
582390
582607
582917
583232
583789
583852
583899
584130
584190
584200
584242
584377
584460
584510
584597
584606
585447
585632
585711
585962
586185
586267
586350
586417
586551
586586
586606
587351
587553
587966
588230
588392
588400
588445
588478
589296
590197
590824
590841
591085
591621
591905
591926
591998
592073
592134
592268
592407
592606
592629
593097
593216
593243
593248
593323
593327
593465
593626
593740
593749
593761
593923
594555
594654
595237
595256
595775
595818
596185
596208
596301
597302
597503
597544
597844
597848
597958
599131
599141
599177
599260
599262
599373
599423
599810
599895
599936
599947
599952
599981
600305
600436
601300
601513
602107
602229
602546
602996
603097
603452
603525
603652
604145
604205
604326
604391
604703
604745
604757
604822
604833
605398
605481
605910
606378
607063
607286
607742
607921
608024
608144
608571
608639
608841
608917
609280
609302
609706
609884
609932
610003
610770
610931
611028
611196
611533
611786
611841
611949
612249
612358
612556
612577
612625
612706
612994
613223
613338
613457
613560
613730
613758
614095
614984
616178
616349
616373
617144
617619
617723
617882
618169
618927
618954
619016
619143
619355
619627
619870
620037
620182
620426
620985
621089
621139
621274
621340
621478
622362
622382
623011
623803
623848
623887
624187
624289
624604
624759
624885
624920
624972
625202
625642
625724
626129
626424
626425
626463
626500
626506
626754
627032
627201
627278
627618
627872
627936
628042
628641
628721
629872
629878
630476
630704
631113
631291
631444
631659
631913
631987
632024
632163
632240
632260
632596
632881
632926
633152
633263
633624
634102
634200
634371
634825
635029
635200
635709
636114
637103
637184
637231
637296
637617
638124
638406
638830
638978
639378
639613
639772
639826
640058
640656
641418
641624
641645
641693
641796
641900
642061
642125
642254
642352
642366
642399
642431
642771
643559
643832
643959
644057
644407
645032
645127
645234
645324
645443
645810
645969
645980
646077
647768
647825
648046
648379
648399
648611
648704
648785
649362
649670
649826
650015
650270
650484
650551
651112
651218
651225
651346
651354
651669
651715
652096
652481
652993
653091
653411
653430
653495
653497
653954
653975
654221
654577
654650
654660
654823
654878
655317
655357
655478
655507
655794
656396
657491
657519
657547
657748
657772
657782
657803
657817
657845
657885
657943
658086
659072
659300
659302
659533
659961
660456
660476
660616
660933
661014
661338
661545
661565
661854
662552
662665
663223
663283
663465
663809
663873
663945
663983
664194
664239
664426
664712
665138
665190
665231
665249
665359
665375
665396
665548
665631
665721
665724
665770
666195
666447
666479
666858
666924
667258
667554
667583
667854
667975
668088
668336
668400
668844
669165
669213
669601
669776
669803
670337
670510
670965
671033
671090
671108
671133
671177
671199
671241
671619
671787
671975
672134
672249
672360
672389
672509
672621
672786
672815
673161
673350
674263
674429
674523
674580
674985
675034
675405
676364
676414
676478
677029
677181
677864
677901
677907
678475
678807
678912
679247
679366
679640
679642
679651
679656
679675
679756
680216
680262
680385
680466
680534
680553
680659
681331
681532
681634
681658
681838
682072
682209
682267
682297
682604
682684
682686
683103
683540
684262
684510
684971
685001
685161
685491
685493
685744
685934
686057
686946
686987
687008
687038
687083
687423
688149
688524
688546
688554
688579
688936
689226
689787
690088
690224
690433
690904
690925
690943
690945
690965
691180
691190
691260
691265
692146
692690
692816
693009
693250
693251
693342
693388
693630
693800
694271
694295
694497
694586
694627
695394
695747
695862
696143
696198
696314
696350
696423
696611
696660
697250
697263
697431
697727
697733
697976
698186
698675
699184
699202
699359
699504
699632
699640
699642
699700
699940
700272
700552
701127
701842
702064
702200
702394
702662
703011
703309
703937
704004
704254
704313
704605
704731
704998
705030
705309
705468
705559
705575
705980
706138
706666
706845
706870
706961
706998
707049
707121
707261
707301
707304
707310
707312
707319
707914
708183
708203
708677
708820
708944
708949
709213
709582
709964
710180
710181
710274
710300
710354
710434
710839
710872
711011
711085
711093
711325
711985
712106
712339
712396
712404
712410
712534
712570
712700
712760
712870
712876
713622
713646
714260
714889
715016
715287
715426
715574
715667
715717
715836
715881
716085
716339
716415
716455
716463
716620
717156
717268
717813
718013
718497
718604
718687
718743
718787
718802
718910
718915
718949
718980
719005
719325
719420
719504
719577
720460
720464
720481
720484
720512
720580
720585
720608
720723
720925
720963
721183
721204
721299
721312
721390
721457
721815
721932
721959
722040
722092
722124
722136
722221
722732
722759
722766
722770
722916
722984
723105
723599
723601
723645
723677
723678
723713
723752
723764
723778
725088
726122
726135
726293
726502
726596
726616
726621
726705
726730
726825
726832
726850
726852
727367
727511
727543
727619
727957
728034
728176
728359
728394
728453
728770
728943
729592
729909
730103
730507
730522
730705
731356
731409
731662
731736
732122
732186
732319
732623
732784
732915
732927
733051
733203
733218
733354
733436
733468
733627
733665
735232
735235
735735
735836
735856
735904
735947
735995
736504
736957
736975
737214
737340
737509
737540
737551
737591
737624
738375
738419
738691
738708
738714
738720
738797
738906
739092
739273
739305
739896
740075
740413
740574
740835
740978
741350
741358
741444
741793
742288
742373
742609
743016
743043
743113
743184
743232
743237
743933
744289
744543
744770
745019
745158
745581
745713
746074
746654
746781
746793
746856
746886
747401
748101
748102
748110
748175
748436
748700
749005
749042
749087
749163
749184
749370
749471
749740
749833
750057
750065
750076
750186
750421
750445
750611
750817
751021
751761
751849
751851
751866
751883
751888
752124
752230
752568
752710
753082
753083
753261
753569
753838
753979
753991
754001
754045
754047
754069
754072
754096
754452
754610
754743
754752
755356
755404
755430
755442
755492
755505
755565
755576
755699
755707
755742
755774
755794
755846
756040
756662
756802
756840
756863
757527
757594
757622
758397
758438
758454
758770
758801
758977
759029
759056
759058
759571
759782
760039
760234
760352
760388
760691
760781
760803
760869
761155
761165
761352
761935
762156
762169
762465
762492
762892
762913
762977
763042
763345
763354
763512
763767
763963
763992
764009
764028
764045
764083
764152
764166
764368
764437
764486
764848
765158
765428
765530
765661
765867
766313
766427
766657
766732
766745
766751
766807
766849
767016
767067
767228
767297
767325
768120
768136
768203
768669
768939
769396
769584
769646
769727
769890
769987
770244
770256
770395
770403
770551
770649
770681
770730
770859
770895
770909
770923
770968
770988
771228
771942
772228
772468
772700
773141
773443
773571
773588
773627
774178
774320
774387
774663
774676
774775
774958
775249
775446
775502
775517
775586
775592
775593
775595
775822
775860
775862
775984
776439
776551
776782
776925
777027
777059
777692
777733
777840
778106
778333
778432
778491
778700
778945
779303
779364
779398
779416
779547
779732
779743
779758
780040
780045
780060
780065
780207
780219
780258
780306
780390
780859
781009
781012
781029
781040
781052
781063
781135
781819
781824
782486
782598
782700
782996
783176
783296
783319
783393
783427
783541
783973
784251
784262
784269
784286
784341
784344
784381
784404
784880
785133
785229
785498
785525
785955
785973
786065
786241
786620
786835
786849
786851
787308
787403
787562
787569
787704
789075
789386
789439
789576
789934
789953
790179
790475
790590
790702
790705
790734
790777
790865
790954
791088
791676
791723
792295
792296
792439
792633
792952
793211
793288
793339
794062
794268
794510
794550
794629
794731
794778
794779
794786
795002
795172
795629
795662
795688
795961
796144
796399
796410
796496
796977
797504
797630
797907
798274
798892
798934
799069
799146
799228
799387
799498
799547
799596
799618
799806
800401
800475
800779
800829
800831
800858
801103
801291
801298
801313
801314
801386
801489
801657
802056
802279
803245
803723
803838
803869
803927
804033
804049
804092
804116
804133
804386
804798
804850
804866
805019
805176
805990
806013
806211
806381
806535
806907
807075
807110
807434
807458
807580
807600
807610
807633
807797
807829
807872
808288
808767
808791
808814
808857
808858
808861
808944
808952
809215
809225
809721
809722
809790
810018
810400
810715
810752
811010
811017
811029
811098
811105
811117
811155
811156
811168
811323
811522
811711
811925
811927
812025
812723
813042
813758
814066
814139
814373
814467
814529
814554
814629
814645
814780
814866
814929
814983
815160
815259
815477
816068
816103
816239
816656
816668
816699
817096
817119
817745
817851
818131
818275
818621
818790
818874
819285
819447
819455
819577
819992
820192
820345
820640
820853
820860
820902
821258
821414
821725
821737
822169
822400
822506
822515
822556
822602
822647
822652
822680
822731
822762
822780
822798
822813
822823
822843
822901
822922
822941
822983
823110
823133
823375
823398
823509
823532
823598
823916
824200
824561
824870
824947
825266
825279
825428
825515
825529
825643
826091
826423
826489
827829
827879
827918
827927
827961
827986
827993
828019
828036
828076
828099
828526
828964
829257
829325
829455
829618
829746
829824
829916
830386
830465
830512
830516
830604
830668
830674
830723
830740
830743
831053
831115
831131
831466
831482
831636
831896
831899
831936
831969
831972
832005
832048
832113
832454
832598
832738
832822
832945
833482
833650
833948
834000
834432
834500
834522
834734
834743
834886
835659
835719
835730
835733
835738
835773
836313
836352
836377
837365
837816
837828
837951
838150
838278
838315
838356
838379
838509
839250
839586
839630
840068
840198
840301
840356
840806
841059
841485
841644
841889
841993
842152
842258
842377
842962
842997
843322
844319
844354
844373
844398
845366
845418
845930
845975
846689
846740
847287
847394
847485
847599
847623
847792
847795
847805
847852
847874
847900
847911
847915
848255
848464
848491
848509
848529
848639
848655
848665
848683
848704
848706
848947
849033
849038
849258
849285
849469
849592
849600
849701
849874
850748
850970
851056
851195
851242
851733
851934
852207
852482
852789
852819
852822
853526
853975
854140
854160
854249
854378
854504
854601
854702
855053
855067
855171
855251
855327
855395
855461
855824
856174
856609
856918
856969
857180
857363
857391
857535
857654
857732
857784
857904
858565
858569
859051
859058
859437
859539
860365
860409
860410
860571
860663
860666
860678
860697
860704
860709
860798
860833
860841
860895
860928
861446
861825
861843
861933
862110
862536
862548
862823
862880
862941
862942
862992
863035
863166
863167
863539
864078
864151
864171
864333
864376
864397
864481
864567
864614
864720
864739
864826
865010
865060
865201
865397
865419
865420
865485
865497
865607
865608
865625
865876
865957
865986
865994
866358
866365
866384
866452
866490
866493
866632
866660
866779
866990
867165
867207
867353
867495
867771
868220
868365
868695
868757
868872
868881
868916
868925
868964
869335
869872
869890
869956
870389
870755
870940
870960
871090
871321
871512
871773
871973
871990
872029
872088
872236
872341
872397
872659
872665
872676
872748
872813
873004
873177
873180
873199
873275
873296
873381
873396
873615
873616
873667
873778
874089
874183
874210
874227
874268
874276
874284
874493
874669
874679
874855
874938
875216
875699
875768
875846
876038
876375
876400
876486
876804
876818
876997
877176
877188
877324
877368
877575
877606
878131
878148
878227
878230
878249
878251
878396
878612
878704
878804
878812
878852
878943
878973
879022
879030
879035
879272
879376
879431
879574
879600
879892
879945
879966
880111
880148
880356
880533
880580
880743
880954
881009
881023
881085
881500
881573
881790
881963
881987
882086
882098
882287
882610
882800
882809
883087
883136
883201
883397
883419
883429
883503
883538
883564
883584
883593
883601
883613
883632
883633
884009
884085
884112
884166
884198
884415
884573
884595
884841
884963
885148
885476
885546
885706
886058
886281
886519
886541
886946
886961
886970
886974
887010
887022
887063
887165
887191
887436
887438
887474
887482
887497
887521
887578
887727
887844
887878
887896
887956
888271
889003
889046
889188
889205
889210
889261
889331
889366
889426
889597
889832
890005
890087
890395
890400
890502
890592
890698
890717
890781
891013
891246
891257
891403
891481
891594
891758
891850
892071
892219
892326
892355
892402
892501
892510
892592
892690
892744
892860
893002
893169
893245
893424
893427
893971
894101
894113
894518
894709
894994
895183
895776
896013
896027
896252
896311
896609
896616
896624
896641
897008
897057
897308
897583
897843
897883
897983
898151
898157
898253
898261
898339
898458
898514
898548
898739
899049
899076
899263
899301
899377
899452
900105
900106
900179
900336
900451
900761
900790
900929
900980
901048
901128
901155
901158
901163
901164
901195
901262
901288
901399
901630
901718
901721
901742
901947
901976
902037
902279
902358
902496
902521
902658
902726
902728
902770
902786
902789
902806
902851
902866
902910
902927
903000
903084
903353
903391
903575
903655
903738
903824
903960
904047
904065
904073
904121
904233
904244
904335
904344
904367
904437
904606
904680
904735
905117
905576
905863
905959
905960
906324
906468
906547
906866
906903
906904
906961
907080
907207
907231
907236
907299
907343
907352
907378
907427
907480
907484
907891
908292
908432
908540
908562
908631
908902
908952
909115
909517
909839
910079
910319
910370
910384
910385
910399
910496
910500
910519
910523
910593
910813
910854
910963
910986
910989
910999
911069
911124
911569
911600
911880
912044
912081
912166
912220
912293
912526
912555
912643
912763
912792
913139
913251
913435
913486
913506
913548
913552
913585
913666
913675
913680
913683
913780
913969
914024
914028
914091
914121
914124
914125
914128
914174
914516
914521
914557
914571
914673
914679
914787
914837
915050
915061
915064
915149
915170
915466
915533
915619
915658
915752
915793
915850
915896
915998
916057
916145
916149
916277
916377
916504
916647
916794
916817
916834
917078
917569
917572
917768
917863
917938
918012
918144
918271
918450
918564
918748
918832
918985
919014
919518
919627
919719
919739
919879
920090
920221
920254
920259
920422
920461
920475
920554
920746
920828
920901
920994
921081
921083
921085
921327
921407
921851
921855
921909
921953
921978
921987
922068
922091
922107
922119
922123
922142
922159
922209
922238
922297
922366
922435
922597
922667
922721
922894
922974
923253
923273
923504
923644
924141
924207
924689
924995
925009
925133
925660
925670
926020
926115
926306
926482
926661
926871
926894
927028
927104
927139
927142
927182
927208
927262
927361
927379
927473
927590
927621
927636
927662
927663
927688
927692
927716
927814
927907
928233
928692
928740
928975
929152
929343
929350
929777
929809
930327
930434
930590
930673
930823
930842
930845
931034
931089
931331
931403
931704
931806
931844
931994
932051
932082
932204
932234
932643
932767
932979
933043
933080
934617
934630
934711
934782
934844
934877
935108
935401
935403
935426
935581
935708
936033
936568
936615
936981
937144
937180
937388
937404
937456
937568
937591
937750
937767
937821
937951
937961
938016
938019
938026
938367
938535
938970
939163
939319
939395
939412
939421
939543
939621
939622
939689
939709
939773
939779
939791
939854
940058
940077
940082
940149
940496
940794
941066
941193
941309
941397
941403
941881
942088
942097
942226
942313
942338
942460
942488
942498
942654
942673
942703
942711
942746
942881
942883
943094
943416
943498
943711
943776
943823
943886
943896
944075
944360
944730
944744
944835
944867
945054
945137
945355
945486
945514
945525
945595
945615
945820
945925
946000
946190
946268
946447
946517
946776
946834
946841
946866
947098
947252
947444
947597
947667
947737
947777
947791
947840
947964
947994
948007
948151
948170
948321
948439
948492
948787
949056
949089
949091
949117
949140
949189
949234
949318
949580
949917
950063
950066
950077
950097
950180
950272
950354
950376
950381
950454
950644
950686
950796
950809
950937
950968
951123
951229
951525
951593
951612
951671
951820
951889
951915
951947
952004
952021
952211
952301
952596
952648
952744
953156
953345
953502
953553
953586
953647
953719
953807
953889
953949
954022
954026
954034
954070
954316
954403
954455
954465
954506
954597
954720
954843
954955
955350
955369
955376
955389
955397
955409
955494
955550
955671
956135
956271
956299
956437
956532
956568
956574
956628
956653
956819
956882
956902
957406
957455
957469
957479
957489
957584
957672
957677
957738
957755
957765
957873
957887
957925
958006
958015
958161
958362
958462
958808
958855
958976
959009
959065
959096
959121
959139
959211
959219
959225
959245
959466
959738
959891
960313
960371
960569
960713
960853
960960
961083
961120
961271
961417
961545
961638
962024
962040
962361
962378
962384
962510
962572
962795
962976
963085
963445
963448
963528
963598
963606
963704
963726
964051
964127
964403
964657
964749
964782
964976
965093
965227
965412
965446
965551
965611
965655
965799
965885
965954
966003
966084
966158
966217
966357
966451
966527
966658
966664
966694
966753
966762
966807
966818
967258
967313
967443
967483
967536
967705
967735
967831
967867
968051
968150
968268
968336
968337
968590
968656
968675
968692
968820
968927
969061
969227
969228
969445
969685
969732
970016
970078
970190
970212
970372
970387
970450
970497
970565
970594
970606
970634
970710
970881
970903
970953
971462
971525
971611
971732
971957
972317
972359
972397
972478
972510
972668
972822
972835
972852
972893
972905
973387
973417
973456
973652
973855
974107
974310
974334
974428
974548
974566
974650
974660
974727
975110
975198
975275
975380
975403
975480
975672
975806
975852
975887
975943
976217
976294
976338
976406
976473
976720
976759
976798
976805
976817
977157
977340
977345
977400
977426
977472
977558
977703
977730
977746
977921
977925
978005
978015
978033
978127
978762
978975
978998
979015
979239
979692
979704
979905
979973
980002
980017
980041
980065
980317
980538
980544
980576
980712
980743
980869
981012
981025
981041
981366
981374
981512
981750
981788
981990
982117
982184
982310
982340
982424
982444
982911
982923
982943
982968
982975
983024
983067
983178
983346
983423
983717
983726
984328
984833
984938
985109
985218
985231
985437
985551
985667
985733
985950
985953
986156
986284
986300
986531
986532
986612
986715
986961
987034
987056
987092
987239
987327
987360
987419
987523
987617
987844
988032
988110
988332
988336
988338
988449
988467
988505
988584
988623
988737
989122
989210
989248
989384
989408
989464
989614
989639
989838
989936
989955
989964
990086
990161
990251
990256
990267
990364
990419
990547
990584
990698
990948
991077
991247
991390
991452
991564
991784
991821
991852
992124
992403
992657
992912
993011
993014
993297
993454
993587
993637
993668
993735
993920
994028
994061
994073
994106
994115
994159
994166
994368
994413
994596
994921
995303
995372
995462
995476
995641
995743
995818
995844
996002
996062
996269
996570
996628
996671
996721
996824
997014
997070
997092
997529
997654
997742
997745
997989
998153
998341
998384
998403
998475
998650
998708
998805
998857
998913
999174
999203
999215
999345
999574
999598
999768
999782
999970
1000156
1000188
1000191
1000264
1000268
1000479
1000570
1000596
1000879
1000955
1001034
1001124
1001164
1001448
1001685
1001715
1001739
1001920
1001998
1002165
1002183
1002262
1002267
1002393
1002777
1002830
1002887
1002916
1003173
1003176
1003355
1003474
1003589
1003679
1003833
1003912
1003920
1003936
1003957
1004086
1004116
1004241
1004310
1004326
1004416
1004462
1004497
1004687
1004751
1004767
1004788
1004846
1005014
1005218
1005345
1005362
1005507
1005508
1005533
1005576
1005583
1005596
1005613
1005615
1005621
1005646
1005805
1005854
1006054
1006104
1006158
1006258
1006276
1006306
1006413
1006752
1006873
1007024
1007120
1007135
1007184
1007229
1007590
1007645
1007693
1007722
1007776
1007808
1007817
1007913
1007938
1008188
1008218
1008251
1008369
1008711
1008787
1008813
1008827
1008916
1008977
1009052
1009109
1009130
1009143
1009147
1009193
1009332
1009410
1009508
1009614
1009629
1009650
1009742
1009775
1010031
1010050
1010147
1010277
1010281
1010365
1010373
1010454
1010506
1010573
1010600
1010613
1010812
1011063
1011107
1011312
1011383
1011390
1011408
1011749
1011768
1011909
1011971
1012023
1012201
1012229
1012233
1012386
1012535
1012580
1012755
1012968
1013166
1013253
1013434
1013627
1013629
1013693
1013846
1014036
1014043
1014078
1014094
1014152
1014242
1014384
1014399
1014428
1014456
1014667
1014727
1014832
1014841
1015071
1015200
1015279
1015524
1015624
1015664
1015742
1015905
1016042
1016143
1016229
1016287
1016588
1016792
1016826
1017143
1017177
1017399
1017469
1017666
1017830
1017864
1017965
1017983
1018091
1018114
1018690
1018790
1018812
1018813
1018855
1019009
1019124
1019295
1019306
1019313
1019315
1019325
1019464
1019886
1019990
1020123
1020143
1020200
1020241
1020289
1020383
1020420
1020606
1020639
1020703
1020730
1020770
1020799
1021131
1021139
1021305
1021416
1021527
1021564
1021590
1021591
1021631
1021750
1021751
1022116
1022243
1022318
1022694
1022930
1023224
1023266
1023309
1023323
1023383
1023577
1023677
1023858
1023871
1024071
1024186
1024217
1024310
1024424
1024522
1024834
1024853
1025080
1025417
1025497
1025788
1026291
1026450
1026514
1026551
1026577
1026740
1026952
1027026
1027213
1027252
1027326
1027623
1027656
1027881
1027888
1028170
1028255
1028388
1028401
1028571
1028629
1028633
1028659
1028662
1028800
1028899
1029105
1029235
1029581
1029583
1029600
1029716
1029755
1030126
1030201
1030355
1030394
1030527
1030691
1030695
1030731
1030802
1030893
1031446
1031475
1031585
1031804
1031929
1031989
1032013
1032072
1032199
1032330
1032337
1032389
1032429
1032545
1032586
1032796
1032956
1032987
1033127
1033425
1033427
1033509
1033700
1033713
1033744
1033763
1033938
1034021
1034042
1034078
1034096
1034123
1034146
1034215
1034221
1034245
1034734
1034832
1034940
1034954
1034997
1035096
1035111
1035135
1035136
1035139
1035214
1035249
1035463
1035595
1035670
1035708
1035777
1035827
1035909
1035925
1036091
1036115
1036128
1036167
1036280
1036317
1036324
1036400
1036483
1036595
1036621
1036625
1036807
1036875
1037088
1037215
1037227
1037396
1037452
1037461
1037485
1037577
1037581
1037587
1037591
1037629
1037648
1037702
1037706
1037747
1037751
1037761
1037856
1037865
1037899
1037997
1038013
1038082
1038084
1038085
1038111
1038226
1038245
1038246
1038295
1038305
1038344
1038354
1038404
1038432
1038482
1038499
1038542
1038577
1038579
1038631
1038700
1038702
1038708
1038715
1038733
1038766
1038786
1038792
1038796
1038839
1038850
1038920
1038922
1038935
1038955
1038960
1038972
1038993
1039006
1039008
1039046
1039064
1039083
1039142
1039166
1039258
1039276
1039440
1039505
1039564
1039673
1039702
1039721
1039763
1039923
1039990
1040025
1040026
1040036
1040046
1040153
1040162
1040362
1040406
1040469
1040561
1040613
1040675
1040711
1040839
1040959
1041210
1041329
1041377
1041381
1041466
1041483
1041501
1041504
1041530
1041561
1041569
1041606
1041717
1041719
1041730
1041739
1041745
1041792
1041798
1041912
1041997
1042014
1042172
1042185
1042226
1042261
1042263
1042359
1042388
1042538
1042894
1042962
1043129
1043132
1043178
1043213
1043404
1043475
1043503
1043520
1043721
1043916
1043943
1044064
1044117
1044128
1044155
1044238
1044648
1044681
1044688
1044800
1044899
1044908
1045145
1045235
1045254
1045355
1045364
1045533
1045539
1045628
1045793
1045813
1045826
1045840
1045931
1046162
1046168
1046180
1046211
1046263
1046277
1046290
1046535
1046620
1046738
1046742
1046802
1046992
1047182
1047228
1047255
1047262
1047398
1047421
1047503
1047553
1047713
1047740
1047796
1047927
1047942
1048085
1048132
1048154
1048259
1048328
1048339
1048454
1048501
1048590
1048691
1048708
1048859
1048935
1048962
1049129
1049148
1049375
1049482
1049547
1049583
1049732
1049988
1050113
1050183
1050333
1050357
1050498
1050630
1050704
1050788
1050934
1050954
1050994
1051074
1051213
1051348
1051469
1051659
1051733
1051763
1051790
1051887
1052003
1052024
1052025
1052031
1052039
1052101
1052119
1052160
1052180
1052191
1052199
1052248
1052333
1052355
1052393
1052395
1052475
1052495
1052562
1052580
1052643
1052962
1052987
1053180
1053218
1053259
1053312
1053331
1053343
1053421
1053428
1053500
1053550
1053557
1053598
1053717
1053774
1053829
1053849
1053986
1054081
1054241
1054451
1054523
1054574
1054655
1054790
1054821
1054854
1054857
1054860
1054928
1054951
1055170
1055195
1055203
1055223
1055241
1055259
1055280
1055295
1055298
1055334
1055385
1055401
1055406
1055431
1055511
1055558
1055712
1055843
1055845
1055848
1056227
1056279
1056304
1056346
1056428
1056508
1056620
1056635
1056652
1056725
1056987
1057022
1057364
1057419
1057458
1057482
1057584
1057609
1057665
1057691
1057880
1057917
1057954
1057978
1058012
1058090
1058182
1058209
1058338
1058414
1058679
1058702
1058770
1058772
1058814
1058860
1058919
1058922
1058975
1059108
1059146
1059254
1059293
1059319
1059341
1059416
1059424
1059475
1059569
1059778
1059780
1059783
1059858
1059943
1060269
1060423
1060440
1060516
1060589
1060646
1060707
1060834
1060954
1060979
1061054
1061109
1061121
1061196
1061219
1061579
1061582
1061649
1061654
1062322
1062401
1062459
1062465
1062512
1062525
1062546
1062623
1062689
1062724
1062813
1062832
1062841
1062887
1062920
1063027
1063056
1063089
1063165
1063440
1063491
1063566
1063650
1063663
1063675
1063763
1063851
1063937
1064209
1064448
1064453
1064495
1064590
1064702
1064899
1064947
1064959
1064975
1064981
1065002
1065066
1065076
1065180
1065238
1065276
1065399
1065435
1065448
1065489
1065513
1065602
1065947
1065975
1066089
1066226
1066261
1066318
1066358
1066478
1066566
1066636
1066702
1066771
1067044
1067175
1067184
1067185
1067188
1067207
1067338
1067346
1067514
1067521
1067564
1067761
1067805
1067815
1067901
1067923
1068058
1068403
1068456
1068602
1068636
1068659
1068662
1068892
1068903
1069016
1069041
1069150
1069356
1069481
1069560
1069681
1069693
1069710
1069728
1069779
1069985
1070018
1070070
1070165
1070275
1070463
1070522
1070603
1070613
1070643
1070774
1070804
1070816
1070829
1070897
1070985
1071007
1071065
1071233
1071276
1071515
1071630
1071661
1071850
1071923
1072058
1072080
1072135
1072165
1072182
1072190
1072228
1072229
1072240
1072241
1072254
1072434
1072465
1072497
1072562
1072738
1072744
1072788
1072799
1072839
1072844
1072946
1073055
1073331
1073365
1073383
1073511
1073589
1073627
1073661
1073687
1073688
1073721
1073831
1073924
1074055
1074057
1074123
1074198
1074204
1074216
1074230
1074261
1074428
1074496
1074556
1074557
1074560
1074607
1074678
1074713
1074719
1074730
1074734
1074742
1074804
1074876
1074903
1074926
1074954
1075001
1075025
1075052
1075143
1075163
1075166
1075167
1075170
1075206
1075256
1075318
1075321
1075390
1075579
1075696
1075753
1075844
1075952
1076019
1076062
1076073
1076079
1076126
1076128
1076137
1076144
1076173
1076390
1076423
1076484
1076535
1076567
1076610
1076624
1076688
1076700
1076713
1076759
1076795
1076918
1076930
1076945
1076964
1076970
1077045
1077052
1077152
1077183
1077201
1077226
1077229
1077230
1077247
1077312
1077373
1077375
1077559
1077606
1077607
1077687
1077722
1077832
1077888
1077916
1077932
1077968
1077979
1078086
1078118
1078134
1078137
1078226
1078271
1078297
1078305
1078336
1078344
1078345
1078458
1078463
1078519
1078548
1078549
1078557
1078558
1078560
1078593
1078601
1078620
1078621
1078671
1078717
1078731
1078780
1078794
1078809
1078842
1078882
1078885
1078905
1078918
1078919
1079013
1079139
1079152
1079258
1079296
1079509
1079520
1079535
1079549
1079615
1079628
1079692
1079718
1079789
1079799
1079830
1079919
1079945
1080027
1080076
1080077
1080126
1080141
1080168
1080218
1080377
1080404
1080441
1080454
1080500
1080549
1080575
1080592
1080786
1080788
1080809
1080821
1080847
1080892
1080993
1080999
1081003
1081021
1081025
1081058
1081104
1081135
1081162
1081183
1081209
1081244
1081249
1081326
1081396
1081401
1081423
1081555
1081556
1081564
1081575
1081576
1081661
1081792
1081816
1081867
1081891
1081901
1082003
1082027
1082040
1082103
1082170
1082171
1082189
1082198
1082216
1082247
1082302
1082316
1082327
1082393
1082439
1082449
1082461
1082653
1082698
1082735
1082771
1082790
1082796
1082798
1082864
1082919
1082956
1082962
1082981
1083007
1083012
1083031
1083077
1083091
1083157
1083185
1083200
1083210
1083255
1083275
1083286
1083342
1083408
1083411
1083454
1083487
1083494
1083503
1083535
1083607
1083633
1083634
1083654
1083668
1083983
1084011
1084049
1084141
1084172
1084182
1084210
1084284
1084318
1084335
1084368
1084374
1084400
1084417
1084418
1084420
1084433
1084436
1084475
1084496
1084527
1084552
1084590
1084591
1084628
1084647
1084659
1084709
1084712
1084786
1084791
1084873
1084885
1084893
1084939
1084966
1085042
1085072
1085076
1085091
1085108
1085111
1085122
1085142
1085173
1085187
1085209
1085236
1085254
1085279
1085297
1085353
1085366
1085391
1085440
1085479
1085576
1085601
1085611
1085622
1085650
1085659
1085701
1085750
1085762
1085836
1085848
1085854
1085909
1085924
1085931
1085979
1085983
1086006
1086009
1086044
1086048
1086055
1086058
1086069
1086081
1086089
1086115
1086158
1086179
1086187
1086208
1086220
1086235
1086259
1086311
1086326
1086354
1086413
1086423
1086427
1086444
1086511
1086530
1086600
1086614
1086641
1086645
1086646
1086664
1086702
1086705
1086804
1086807
1086846
1086893
1086901
1086966
1086992
1086996
1087029
1087033
1087043
1087064
1087077
1087080
1087174
1087199
1087205
1087208
1087214
1087217
1087247
1087276
1087283
1087354
1087434
1087491
1087520
1087544
1087617
1087641
1087763
1087779
1087797
1087806
1087809
1087824
1087835
1087844
1087854
1087948
1087949
1087966
1087970
1088021
1088058
1088132
1088164
1088201
1088264
1088272
1088305
1088312
1088431
1088448
1088464
1088506
1088539
1088550
1088639
1088701
1088858
1088861
1088932
1088935
1088975
1089057
1089143
1089211
1089354
1089380
1089409
1089422
1089502
1089518
1089531
1089606
1089617
1089645
1089654
1089660
1089696
1089698
1089720
1089740
1089745
1089748
1089787
1089828
1089904
1089926
1089937
1090003
1090004
1090039
1090270
1090327
1090336
1090359
1090408
1090455
1090464
1090558
1090626
1090654
1090677
1090748
1090795
1090801
1090809
1090827
1090839
1090869
1090871
1090881
1090900
1090959
1090984
1091043
1091068
1091169
1091193
1091315
1091334
1091361
1091381
1091411
1091497
1091518
1091625
1091684
1091696
1091705
1091708
1091714
1091732
1091742
1091769
1091786
1091793
1091795
1091803
1091807
1091828
1091863
1091864
1091880
1091993
1092013
1092037
1092107
1092172
1092238
1092253
1092263
1092279
1092402
1092516
1092517
1092596
1092623
1092627
1092660
1092721
1092736
1092745
1092746
1092772
1092778
1092816
1092822
1092838
1092840
1092916
1092946
1092953
1093032
1093058
1093099
1093132
1093419
1093420
1093424
1093440
1093460
1093480
1093489
1093545
1093700
1093779
1093924
1093925
1093940
1093983
1094006
1094061
1094115
1094138
1094150
1094355
1094521
1094656
1094668
1094957
1094972
1094985
1095039
1095050
1095059
1095136
1095139
1095173
1095203
1095248
1095307
1095326
1095349
1095356
1095400
1095462
1095480
1095702
1095717
1095840
1095872
1095875
1095909
1095944
1096126
1096173
1096245
1096258
1096561
1096577
1096591
1096601
1096602
1096607
1096616
1096621
1096635
1096638
1096655
1096668
1096724
1096754
1096796
1096810
1096901
1096972
1096997
1097248
1097350
1097795
1097806
1097919
1098011
1098160
1098166
1098215
1098231
1098311
1098412
1098429
1098506
1098532
1098548
1098656
1098668
1098728
1098764
1098899
1098992
1099087
1099117
1099240
1099329
1099487
1099526
1099647
1099716
1099812
1099853
1100013
1100019
1100142
1100237
1100277
1100285
1100301
1100325
1100353
1100429
1100570
1100660
1100681
1100797
1100859
1100877
1100904
1100913
1100937
1101013
1101047
1101054
1101075
1101077
1101162
1101248
1101251
1101326
1101493
1101535
1101536
1101573
1101703
1101843
1101855
1101861
1101936
1101945
1101985
1102084
1102269
1102296
1102336
1102377
1102400
1102523
1102563
1102566
1102602
1102728
1103212
1103222
1103232
1103273
1103274
1103280
1103297
1103314
1103624
1103794
1103997
1104023
1104025
1104027
1104031
1104034
1104192
1104321
1104325
1104364
1104596
1104864
1104865
1104866
1104867
1105942
1105943
1106666
1106667
1106674
1106675
1106684
1106704
1106708
1108432
1108606
1108607
1108897
1108898
1109160
1109161
1109644
1109645
1110167
1110168
1110453
1110454
1111234
1111235
1111243
1111447
1111448
1111449
1112578
1112579
1112771
1112772
1113064
1113065
1113078
1113079
1113187
1113840
1113841
1114001
1114002
1114468
1114469
1114566
1114567
1114574
1114579
1114583
1114585
1114829
1114830
1114978
1114979
1115136
1115137
1115349
1115429
1115505
1115515
1115517
1115563
1115565
1115566
1115583
1115628
1115629
1115677
1117063
1117064
1117065
1117155
1117156
1117771
1117879
1118852
1118853
1118868
1118870
1118879
1118930
1118945
1118947
1118974
1119217
1120027
1120028
1120179
1121844
1121845
1122174
1122230
1122231
1122845
1122889
1122890
1123004
1123233
1123318
1123319
1123421
1123422
1123435
1123436
1123637
1123714
1123715
1123716
1123717
1123745
1123748
1123749
1123750
1123751
1123788
1123878
1124169
1124170
1124576
1124577
1124857
1124858
1126115
1126322
1126323
1126403
1127178
1127179
1127349
1127350
1127392
1127393
1128481
1128482
1128494
1128496
1129303
1129304
1129824
1129825
1130663
1130664
1130693
1130694
1130902
1131305
1131306
1131685
1131686
1131688
1132760
1132784
1132811
1132829
1132830
1132903
1132971
1132972
1133717
1133753
1133852
1133853
1133854
1133927
1134004
1134005
1134024
1134025
1134160
1134161
1134561
1134562
1134777
1134778
1134897
1134898
1135648
1135836
1136050
1136051
1136349
1136579
1136580
1136719
1136720
1136887
1136888
1136963
1137041
1137042
1137229
1137230
1137298
1137299
1137327
1137328
1137329
1137330
1137351
1137352
1137483
1137770
1137862
1137863
1138315
1138316
1138430
1138440
1138441
1138852
1138853
1138937
1138938
1139166
1139167
1139213
1139214
1139584
1139585
1140212
1140213
1140516
1140517
1140528
1140529
1140552
1140553
1140655
1140656
1140676
1140677
1141094
1141095
1141096
1141097
1141417
1141418
1141501
1141502
1142608
1142609
1142610
1142611
1142899
1142900
1143274
1143275
1143276
1143277
1143606
1143607
1143612
1143613
1143617
1143673
1143720
1143772
1143784
1143792
1143809
1143873
1143885
1143886
1143887
1143890
1143945
1143946
1143958
1143962
1143996
1144021
1144022
1144027
1144075
1144121
1144184
1144187
1144221
1144222
1144223
1144852
1144853
1145132
1145133
1145218
1145219
1145224
1145364
1146074
1146075
1146306
1146307
1146476
1146478
1146499
1146500
1146736
1146753
1146754
1146759
1146902
1146903
1147039
1147040
1147207
1147208
1147209
1147367
1147368
1147778
1147779
1147898
1147899
1148238
1148239
1149034
1149035
1149125
1149285
1149286
1149339
1149340
1149501
1149502
1149580
1149613
1149614
1149615
1149616
1149950
1150025
1150065
1150116
1150118
1150160
1150161
1150174
1150175
1150625
1150653
1150654
1150697
1150698
1150730
1150893
1150894
1151116
1152418
1152419
1153324
1153325
1153368
1153369
1153431
1153432
1153794
1153795
1153929
1153930
1153984
1153985
1154389
1154390
1154559
1154560
1155372
1155373
1155374
1155435
1155847
1155848
1156157
1156499
1156500
1156539
1156540
1156652
1156653
1156927
1157120
1157121
1157163
1157164
1157917
1157918
1158459
1158460
1158461
1158708
1158709
1158714
1158715
1159310
1159311
1159377
1159389
1159471
1159472
1159690
1159691
1159758
1159759
1160062
1160063
1160294
1160295
1160380
1160381
1160554
1160555
1160560
1160561
1161660
1161661
1161783
1161784
1162465
1162466
1162497
1162498
1162903
1162904
1162923
1162924
1163200
1163201
1163425
1163426
1164056
1164057
1164207
1164208
1164354
1164355
1164924
1165210
1165211
1165256
1165356
1165357
1165504
1165505
1165643
1165644
1165965
1165966
1165967
1165968
1166153
1166154
1166360
1166361
1166505
1166506
)


// ************************************************************************* //
