/*--------------------------------*- C++ -*----------------------------------*\
  =========                 |
  \\      /  F ield         | OpenFOAM: The Open Source CFD Toolbox
   \\    /   O peration     | Website:  https://openfoam.org
    \\  /    A nd           | Version:  11
     \\/     M anipulation  |
\*---------------------------------------------------------------------------*/
FoamFile
{
    format      ascii;
    class       labelList;
    note        "nPoints:2514  nCells:7958  nFaces:18088  nInternalFaces:13744";
    location    "constant/region2/polyMesh";
    object      neighbour;
}
// * * * * * * * * * * * * * * * * * * * * * * * * * * * * * * * * * * * * * //


13744
(
7
41
500
640
3
426
5026
68
146
368
1247
380
7558
7684
102
3337
3356
55
2636
4108
7651
8
203
2141
7518
8
274
396
276
802
116
732
1072
24
67
309
193
352
466
892
23
28
295
950
14
15
144
2442
17
142
1189
17
18
7334
102
216
7539
19
2203
558
2444
3333
2443
3333
357
443
884
1258
356
1768
7619
73
116
748
220
841
4447
94
1061
1084
517
716
1774
6916
237
292
387
3951
39
146
147
364
152
1073
1286
716
1769
1774
6664
139
504
555
2470
32
35
7503
6798
7032
7400
35
36
3507
7020
3507
4080
7267
6580
7363
4079
4080
6447
97
2670
2867
3663
111
298
394
232
306
378
70
311
360
871
1033
2651
7518
44
6703
6997
45
2589
6703
6720
45
46
7030
2584
5001
47
6945
7028
5001
5006
7228
370
804
2850
3054
50
3625
4933
5781
5820
5940
296
415
7530
7576
53
4570
7423
7457
54
7466
7496
219
1959
4566
541
3838
3889
333
1744
2990
3163
58
60
3865
4724
61
4450
60
61
3736
7500
3428
4065
6538
64
361
834
7346
64
65
2541
7071
66
2544
7346
7397
6473
6624
7111
94
271
515
147
5259
5344
72
74
155
515
149
616
3389
1700
2353
4733
94
245
367
2841
3085
374
485
7542
104
804
2136
3382
77
78
6022
6802
79
1000
79
80
1002
81
7288
81
1513
7828
7291
141
589
593
336
1699
7477
7480
87
5945
7009
7208
179
235
271
921
203
276
989
3195
90
2072
6935
96
4422
7601
90
91
5945
92
6071
92
3683
7753
2069
6872
516
3093
7798
114
305
464
705
239
493
1212
766
1738
99
100
650
652
651
3585
3583
5622
7392
151
244
514
1205
232
742
215
296
470
4613
1115
7941
106
5836
6009
6172
6174
6388
578
579
6414
109
2400
4417
110
2404
6545
447
6549
6982
4913
4956
4959
116
1465
2944
7653
115
117
4978
5437
148
647
1571
119
6897
2841
119
3321
6267
1390
1830
2918
133
2075
893
5051
5153
168
314
369
5979
123
124
5238
7314
125
2534
6482
125
127
128
5473
150
436
2263
2492
128
5241
786
1694
382
386
593
2459
272
609
630
506
1085
7521
7661
2302
3321
3514
3514
5985
6579
439
3957
7615
138
6322
7277
7476
137
6323
6784
7277
1307
2258
5208
392
4527
140
567
7703
504
1591
1917
382
905
2113
143
1190
2199
144
4871
7155
7073
254
337
395
547
462
548
253
283
961
1207
509
590
210
275
3954
660
1884
3690
779
4438
7905
490
4540
7514
1643
2002
2567
5317
7543
157
2381
3798
477
1127
6867
159
348
1635
6867
6490
6851
6866
329
346
7595
7895
163
166
6449
6766
239
919
2872
5644
167
5482
6727
1408
1654
1785
222
697
925
167
169
1788
170
7516
7720
170
6054
6709
6865
172
5107
5777
5787
5674
5729
255
624
7591
699
5155
7827
265
334
6964
405
414
797
2463
178
181
6840
183
205
207
429
3272
4894
343
376
473
183
184
1239
222
2142
7603
191
3601
191
6180
7192
186
190
340
7890
187
7889
7891
189
7488
189
190
7480
7477
2041
5534
212
278
376
2395
2567
227
547
1026
4511
196
197
3055
5504
198
2201
198
199
4190
6890
200
6883
6890
450
5224
6559
202
2737
2738
657
7084
1752
7517
205
206
3673
4214
207
6839
208
5378
701
5378
209
7437
1795
5333
6279
345
353
2492
1729
4380
7606
520
632
514
522
1243
5984
228
590
697
7576
7787
398
416
564
1960
7442
560
561
564
7425
560
4570
4571
269
408
2956
625
637
1163
2821
942
224
5382
6822
1798
6321
7210
302
470
570
7721
231
266
7451
468
1015
3059
360
518
230
4407
6157
5022
5100
6158
265
5114
7007
398
854
238
803
1308
2492
238
546
821
1308
309
429
879
1293
2408
4123
7631
922
1587
3500
353
774
7601
241
242
7397
243
7140
7346
243
837
834
1114
273
1206
4836
709
2052
250
251
261
726
249
250
1362
4461
250
252
4664
4665
252
4252
4253
728
4420
4423
4424
7341
306
5216
267
1288
4432
300
630
2769
393
631
2666
4532
260
262
2478
2479
262
263
3904
7367
260
264
1369
2479
263
1370
730
4418
4420
7324
264
3901
2378
7367
5116
7049
334
5048
547
3620
1697
3576
4688
503
1286
3297
522
979
1633
3080
332
1586
549
957
1403
660
3161
7774
3111
4661
285
492
1049
3239
3804
279
2061
3436
712
1314
2136
4150
5038
6031
917
1258
3444
3448
315
377
2936
3149
1830
2035
3504
385
646
1842
747
1073
2852
3485
365
513
1838
894
2357
7296
421
894
895
2356
384
781
1470
1034
3036
5597
7521
438
535
687
4133
7140
7428
744
2193
2594
2055
2783
3445
326
610
1191
1073
1291
3452
1346
7531
863
948
2002
2707
7556
7814
3533
4766
7555
505
3169
7555
625
1231
1678
2529
1117
2903
7505
434
7539
7634
2880
3742
6880
961
5067
5822
358
3356
463
6527
7716
312
827
6880
7089
587
511
1366
4255
949
2862
7605
7121
7142
437
933
1141
954
1713
7515
2800
4273
7827
428
492
1660
2637
2769
3169
3486
4907
444
598
906
4999
320
3089
6634
7048
321
2227
7268
322
2312
3090
2225
4692
343
804
934
1115
743
2208
3962
5856
467
1100
7505
7625
594
2022
961
1842
4552
418
502
5218
6090
355
3235
3737
1683
1686
6917
7487
1684
3787
7482
515
2106
3982
399
1671
5050
1270
2447
5291
338
339
7399
491
1404
7580
340
604
2041
340
341
7891
2042
342
4510
6987
2042
4509
7241
438
546
1142
1160
2268
4072
4854
3070
3289
7596
1936
2134
3069
349
477
479
478
7199
500
1033
2471
4715
507
532
798
883
1455
3703
513
3426
505
957
1156
1499
5065
7895
7908
772
988
2269
917
1610
4712
2192
3025
5324
721
4002
4004
4006
590
949
7066
7111
7198
1318
2572
7631
1180
2303
2823
4493
390
398
492
629
4550
435
775
2016
772
1500
3895
608
646
3887
869
970
1077
712
4113
372
1613
7564
7569
373
3695
7570
3252
7797
515
1001
933
964
3863
4634
712
842
699
3151
3157
854
1241
7567
381
1479
1920
5323
5130
7514
1477
2988
6714
1200
388
1754
2026
2718
431
595
1966
1651
3479
5065
1963
2806
7542
433
550
5884
807
1789
3030
593
616
3377
4237
548
679
4554
6323
6784
4555
6322
502
6428
1320
4956
4958
491
1112
2808
802
3505
518
942
1901
696
1315
5728
401
402
3795
3800
3749
3796
1669
2488
7068
591
986
3093
3450
5017
7545
7661
749
808
4523
7821
7871
7921
409
410
6498
503
1012
1263
411
3639
6097
411
412
3638
413
1645
413
7492
7529
1650
6925
485
749
955
7575
626
696
7540
743
2900
6877
855
2056
3919
3789
3790
7572
7573
1623
7572
7680
422
4138
6332
424
1704
7078
424
425
4138
6768
2634
2853
3824
521
4730
783
7709
7727
629
3753
4540
501
1314
3656
7592
538
781
1211
2612
3295
3550
472
744
2332
702
7727
594
929
1306
2176
3529
774
943
964
473
713
494
599
7614
441
4057
6900
4050
7413
456
457
3713
1165
2886
6155
876
1306
3518
569
600
823
447
448
2369
4414
449
4417
2368
6549
5434
6157
7027
451
4673
5225
6852
455
3959
6312
6852
454
6313
6852
7463
2424
5225
1756
5691
6347
458
6554
6995
458
459
3524
4326
7128
7042
7266
4006
7042
7238
7357
1318
2241
2822
1241
1247
506
537
682
798
4163
507
615
1378
1876
3856
3600
7506
877
1304
1386
1993
2395
2774
1209
1393
549
609
962
5457
661
2514
2699
534
792
644
667
1109
6246
477
1126
1127
6891
480
1128
6891
7091
478
2381
1129
6866
1129
6584
6847
484
1781
2870
6280
483
6283
7563
7570
2870
7562
2888
7562
2052
487
2036
4304
6083
2037
6640
489
3682
6083
6921
5753
5970
6141
879
1786
7606
1013
2034
3621
595
741
1259
773
1801
3708
496
497
1640
2174
499
1641
2172
498
3993
499
3995
7881
7391
7547
820
2832
1194
3203
4467
631
2056
1819
2129
634
4839
1391
7554
7522
7913
613
1360
1174
1390
2743
1144
1294
1295
511
2338
4254
5294
7499
7765
535
713
868
546
3457
979
3314
1177
5400
924
4401
7901
1834
1713
4385
4652
6596
1314
1469
7592
1230
1547
7684
4886
4084
4086
5910
6408
2300
2958
5848
695
876
1110
1306
1488
5219
5737
528
529
6488
7405
530
6492
6770
4555
7473
4554
7210
4528
4554
6992
7210
645
7647
911
1086
3335
5825
873
932
768
7627
1654
1858
2582
7811
740
953
1085
1793
2771
3268
597
1385
3244
3936
867
884
3073
5368
732
2841
3068
2390
6894
7184
7420
3186
6687
6894
623
810
1227
1418
1102
2957
4851
5880
2967
5185
608
966
592
5852
1587
3109
5879
552
553
7325
7440
554
4198
4199
793
7429
7434
910
1893
7360
3139
4563
7702
557
559
4879
7050
967
4881
6701
967
968
4572
7428
7439
563
565
562
1079
1080
565
566
1083
564
1959
4571
6911
7055
7394
1896
2417
3746
785
2823
3071
4074
953
987
4613
7506
806
1402
3149
3664
6238
6808
6953
7135
1709
6324
6815
2583
5817
7799
2035
3000
3219
579
580
4509
7206
627
843
1197
2670
581
2725
7408
582
2042
7890
582
7872
7031
584
784
1058
2918
1060
1140
2156
586
4357
6668
6708
6229
6595
879
1446
1566
600
928
953
905
946
1294
1144
1589
1727
1982
765
957
3336
3180
1215
1473
2771
7645
1273
5025
5446
5547
1276
3408
5401
876
2984
7862
773
3066
869
1078
4215
5802
6839
747
886
3162
7723
606
6817
7436
606
2040
7393
607
617
621
3670
2041
614
618
5000
840
5693
681
1217
2321
612
4815
5606
5776
5780
5805
647
798
621
5335
647
916
1207
1294
3987
648
3671
6959
636
648
7330
964
2981
4029
5572
1046
1171
1664
5337
1610
3670
3671
4156
782
1549
1750
3098
4818
971
1153
862
7742
766
1155
1838
1933
2957
3425
1099
4062
5520
2805
3398
680
842
1441
906
1251
4502
4999
1145
2224
5782
1050
2196
7605
649
4076
6305
3060
3084
4035
639
1255
4028
1006
5897
1951
3111
4586
2134
2438
3307
1041
3205
7279
7303
962
2514
4705
7525
1092
1883
4146
771
1290
7516
780
3479
653
5759
654
5759
7821
651
4428
5759
4427
653
7392
7330
7378
1610
5271
6519
656
2262
3241
1644
2427
858
2737
698
963
7720
1179
1929
2143
2429
2736
3454
3109
5393
663
1967
4003
7357
1968
7396
7407
665
1967
4005
1968
7371
1431
1935
2138
3352
5273
7538
669
3679
7273
7320
671
3678
4059
4058
6008
6704
7075
4058
7338
1653
3941
7815
674
675
2525
4800
677
2526
2527
676
7424
677
812
7318
6781
7061
1559
2500
3091
700
966
1210
958
1485
684
1354
770
4945
5576
1273
1558
4236
783
1392
688
1029
7059
7174
688
1028
1032
2361
873
7627
689
1030
2364
7059
692
3976
7166
7414
693
1972
7395
1973
7387
7406
1973
7355
1776
4296
5291
6462
1458
2837
7861
700
942
1817
823
7671
3158
3989
862
703
1795
1203
7540
7742
5333
5802
1655
2743
3219
1571
5592
5898
1270
2473
3146
7913
708
6658
6712
7287
6576
6583
952
1061
3858
733
810
1377
3864
1068
2008
7556
804
934
831
3937
7604
7693
845
1087
7716
1048
7900
908
1716
3187
3765
1747
2576
4067
7592
720
721
722
7257
723
725
6871
725
2587
2588
2590
6554
7128
862
1016
1210
7238
727
1362
4423
730
4454
4455
1370
2478
1362
1363
1366
4252
1371
7256
807
4453
7609
4710
1405
4562
7820
735
2464
2467
4648
736
1039
7083
2465
7287
2468
6658
7083
7287
739
6641
6693
7016
6461
6594
874
1034
1321
919
1470
801
3337
5244
3920
6573
2062
3908
746
1066
4645
7260
2455
4647
7242
2425
7724
772
988
2894
2166
7542
753
7373
7431
768
993
2760
756
2090
7087
1282
2342
7349
755
1282
6979
7293
2090
2092
7373
7373
7458
758
760
4760
4764
759
1154
6749
2420
4761
4763
2421
7229
777
1285
2277
763
2450
2454
4581
764
1063
2452
7058
7154
7271
977
2895
7526
4559
906
1251
2729
4260
868
805
957
1874
6691
771
798
7515
4272
5130
7558
2872
7678
976
986
1791
847
7591
7611
955
2309
4986
1783
2007
7559
7684
1286
2491
840
912
1207
4242
5183
1181
2770
3889
1569
7708
1060
5230
2305
4194
6485
787
788
4588
791
1695
1696
790
5058
5241
790
791
1045
7337
7188
6276
6963
842
932
795
7455
795
7389
7434
7302
1269
2678
3086
5032
2052
2813
1408
2935
3107
981
1056
2008
3098
1353
7539
7634
3062
3166
1197
1983
991
1403
5310
2107
2884
4792
3691
7610
875
1481
1384
2278
2767
2079
2689
812
4175
7449
814
4175
4180
7280
7415
4176
7061
816
3501
3975
7421
817
7303
819
7279
3198
3501
7269
7421
3501
7348
1040
2473
3726
1142
2127
3418
4437
4666
6782
1078
1525
825
826
2694
6971
828
829
6016
827
7142
828
4927
2882
6880
2695
4973
6404
1153
2124
2876
3676
5538
6505
838
3176
6933
7198
2903
5479
5809
7505
837
7198
836
839
6710
837
2543
2544
839
3177
5508
5959
965
950
1674
1155
1308
3965
2977
3237
3588
4446
2099
3871
7675
848
851
3141
7110
1123
1157
7554
852
3140
4736
850
851
4736
5789
5106
5890
5108
7095
3141
3188
6774
867
2059
2314
3773
864
2313
2318
4986
991
1157
1216
1754
2509
3030
860
7237
860
861
5996
7262
6018
7084
2741
3817
6466
1167
947
3687
4040
5244
7566
1352
3156
3654
5025
981
7611
7669
2108
7931
978
1070
928
4597
2154
3467
5332
5962
7605
931
1050
3937
1444
953
1319
926
2463
2778
2232
2837
3059
1466
7683
7696
3905
1102
2191
2515
7774
2445
4184
4483
5856
1035
1188
7647
1214
2395
4250
1208
4286
887
6296
6728
1059
2766
4038
888
6297
889
7312
891
3636
3952
891
3637
3640
6553
6728
6943
2707
2804
3060
1180
3300
4472
1704
2632
2633
3824
2287
2856
3307
898
899
1824
902
1825
3471
7310
3471
3719
3721
7222
902
3719
6756
7081
6623
6854
944
1004
7814
943
1011
7678
2245
1748
987
1071
1409
1172
2089
5020
910
4198
7335
7316
1060
5102
5499
916
965
927
1219
2854
3850
915
2227
6666
6694
6607
6661
1213
4327
5458
2942
4617
7855
6043
2438
5363
7918
1586
2458
4861
1179
2594
3854
995
1158
1424
959
1048
3355
1574
2013
2660
2755
1069
2798
3045
1085
5573
990
1215
1790
1254
2186
2790
3137
951
973
975
958
2077
5342
1070
3242
985
7786
7795
937
940
4625
6394
938
2693
6971
939
7227
940
7204
6232
1164
1603
7626
3028
7696
1427
7633
1654
2415
2627
1295
2278
948
2953
3813
2513
1834
4632
7854
1677
3937
7692
2052
7754
970
3281
4987
1385
2652
5402
7673
1898
974
3523
1160
2261
3161
4896
3274
7526
1035
1524
7719
1573
972
1605
972
3333
969
7113
3204
4567
7239
5613
2785
3084
4642
1334
993
1742
1048
7197
978
993
2016
2410
5585
1156
5987
1528
2746
1112
1149
4742
5185
7633
2275
2739
7402
984
2273
6856
2272
2275
1274
1746
7722
1727
2410
1319
1526
1118
1752
4365
5401
1003
1753
1323
1874
994
1008
2695
3008
1005
6016
1320
1523
4958
997
7288
7351
1000
4565
1005
1008
4625
6142
1002
6842
7150
7288
4568
2106
4917
6628
7828
1354
1885
1158
1501
7813
1009
2693
1584
7527
7536
1432
1663
3877
3857
5215
6142
1672
4864
5144
1075
1506
7697
1583
4301
4447
4409
4505
7579
1304
1919
3181
3227
1026
2324
1169
1268
1289
1090
1693
2907
1019
6413
6591
6656
6682
6998
2417
3287
7703
1025
4349
7077
7137
4349
4350
7079
7148
1024
2226
7148
4349
7137
7253
7309
3213
5371
1028
1030
4167
7300
1032
1222
7233
7202
1191
2022
4116
4850
7133
7203
1322
4591
4594
1359
1091
1741
3812
4244
1776
2008
4333
7556
7092
7124
7152
7286
4644
4648
1361
4586
7130
7194
2480
4878
4881
7331
7123
7130
7279
1045
2485
6276
6845
7123
2125
2345
1220
2295
2864
7698
1769
1256
1660
7622
1742
7604
1053
1055
2507
3238
4493
7446
2508
7620
1057
1806
4413
7620
7107
7223
3533
7591
7611
5407
5760
6327
1174
1390
2156
1291
2082
2911
3335
2833
7102
7103
7154
7271
4574
4581
1065
4653
7242
7260
7094
7101
7274
2449
2455
1692
2783
2961
7633
7814
1219
3209
1528
5369
1168
1387
1465
5835
3368
1834
2196
2686
7678
7679
1143
1257
1787
1078
7720
1081
7339
7394
1082
7339
7172
7425
1083
4764
4765
1446
2833
7521
2665
4962
7536
2266
6639
2108
3073
5849
1573
7682
7696
1849
2439
2446
1178
2328
3934
1340
1984
1094
5433
5966
6204
6355
6665
1098
2311
6984
7070
1097
3082
3522
2311
7070
7236
7272
1102
2762
3870
4053
4616
5309
1213
1225
1605
1838
1108
7039
7054
7201
1106
1107
2202
7334
2202
3517
7224
3517
7000
7054
2203
2204
3517
7069
7283
1883
3108
7893
1458
1919
1114
1116
7198
2034
7910
1114
4131
7140
7439
6136
4131
7066
7690
7721
2779
7657
1120
1121
2283
6315
6314
7259
1124
7474
1125
6315
6813
1137
7668
1125
7245
7353
3678
7214
1130
7305
1128
7301
6957
7186
6891
1131
4844
4846
6891
1349
1859
7728
1134
3834
5862
6307
3829
6310
7459
1136
1779
3828
1138
1780
1157
1348
3829
7051
3828
3830
6465
2602
5376
5374
7601
3609
1223
1836
7644
1817
1917
3837
1315
1691
3699
7699
1188
1253
1329
2112
4307
7711
3867
7911
3503
7589
7687
1357
1545
7741
1413
1420
1955
1678
3838
2419
2421
2127
4222
1391
1499
1383
6603
7790
7882
3112
3280
1225
1226
1272
1398
1925
2857
7659
1376
1716
3622
1287
1814
2565
1610
3350
4076
1216
1284
1905
1169
7741
1319
1321
7715
1474
2584
5001
5008
2043
2679
4730
1716
3632
4035
1714
2029
4385
2138
3573
1255
1573
3863
7682
1984
2155
2913
3915
1277
2672
7799
2293
2403
2642
2457
5298
2185
5153
1549
3675
4936
1183
1187
3712
1186
3713
3472
5049
5053
7244
1186
5053
6863
7193
1863
6752
3472
7018
1542
7646
1196
3473
3626
1196
2561
7354
2321
4519
1193
3626
7248
7005
7099
4141
7593
1280
1392
2081
7213
7401
7677
1201
2646
7001
7125
1202
6013
7062
7833
1963
2113
3034
7013
7833
5838
6070
6099
1204
7728
1545
7741
1884
2359
2887
3314
7775
1258
3022
1274
7787
1334
1309
1927
3268
1257
7678
1341
1378
1993
4202
4486
1217
1323
1326
1354
2827
5416
7659
1741
3229
2308
5207
7664
2927
3450
5573
7521
1224
1228
1259
7645
1229
5245
7059
1341
1417
1334
1605
1377
2770
3240
1229
4982
7189
2362
6973
1856
2674
1918
2412
7866
1762
1766
3225
3226
1235
3515
7232
3515
7014
7340
7415
1237
5193
1238
6878
6974
7340
1238
5196
6947
6949
1240
6180
5551
5730
7733
1313
1429
7671
5872
7590
7687
1245
4701
7098
1250
4983
1250
6606
6660
6772
3493
7734
1249
4703
6086
3474
6606
6996
4984
2960
3010
3046
3813
7686
1343
1360
1378
3071
5755
7383
1814
7527
1386
4017
7623
1259
7679
4507
1333
1440
7675
1264
3038
3223
4689
1278
1312
1359
1583
2609
5095
1265
2662
3255
4688
2810
3530
3642
1969
4328
4329
7426
1272
1334
1407
5608
5997
1331
4913
4293
7283
7333
7419
1540
1352
5040
7721
1480
2141
2970
5239
1385
7524
2581
2616
1382
1536
5507
7100
7254
7385
1859
2197
1552
7690
7722
7134
7349
2135
3452
4408
1326
1456
7726
1705
7575
4873
2179
7527
2808
5358
1474
1544
7647
7719
2135
4949
1323
1389
5310
1347
7603
2013
1297
7400
7503
1298
4079
4080
7384
1329
1438
1442
1301
3089
6568
6634
6597
6616
2206
3055
6522
7639
1925
5413
7628
1458
2063
1307
1310
7277
2263
1311
5295
2380
1663
2566
1311
1316
1520
5703
1350
1429
1409
1461
2411
3163
3273
1317
1519
7270
1520
1521
6769
1692
7813
2099
7716
2471
3171
2717
3332
3695
7564
1374
1387
1411
1348
1873
3258
7712
7751
2415
2935
3363
1375
1753
1982
2264
3136
4959
7640
2613
3729
5565
7895
1424
1505
1336
2618
4797
4799
1339
4802
5667
2618
4063
6858
2618
4782
6858
7537
2528
4654
4801
3035
4146
4804
1343
1344
4786
5858
7796
1442
3253
5223
1383
1437
1534
1393
5670
3097
3364
1410
1545
2140
1436
1537
1848
5669
7711
4529
7613
5036
5248
2340
1356
3861
4172
6266
7907
1474
1913
1414
1457
1461
1524
1543
7646
2447
2473
4454
1365
4423
4424
3693
4994
5279
7658
1366
5276
5277
1731
2931
7524
7673
1416
1423
7669
4418
4419
4697
4418
1373
4418
2100
2162
2372
4698
6936
1440
1529
1438
1536
1542
2529
3338
1405
4808
1381
6317
6625
1381
4433
4699
6506
6319
7114
1422
1537
1501
1579
3271
3929
5125
2058
4780
1531
1575
1439
1466
7792
1905
7624
7689
2945
6144
1569
2341
2917
1400
1401
7278
1397
1400
6013
6033
1397
6074
6896
7026
1401
6349
1459
1540
2084
3069
3259
6930
6920
2696
2800
4223
5206
2025
4511
6177
3447
1463
1603
7643
3086
5026
2415
3386
1526
1576
1416
1456
1496
1434
1457
1415
1435
1505
1673
1792
2406
1460
1462
1464
1472
1507
7668
1442
1459
1750
1918
5159
1468
1506
7810
1564
1792
2372
1478
3757
5862
7459
1536
1539
1679
1433
1502
1523
1580
1564
1810
1955
1483
1565
1841
1433
1471
1448
1672
2802
7707
1581
7670
1472
1476
1529
1655
7745
1927
5786
7747
1535
7632
1494
1529
1637
1530
1534
1445
1462
1581
1471
1588
1493
1612
1475
1596
1597
1599
7674
1469
1485
1611
2287
3069
3079
1567
2076
7628
1537
1620
1680
2487
2084
3031
3510
4148
4544
7706
1450
2103
5200
7365
1454
2104
7109
1452
5200
7255
1453
5739
5204
5740
5201
6581
6721
1876
3049
4127
1550
1495
1575
5746
1630
1578
1590
1576
1582
1582
1590
1615
5676
7642
1561
1572
2500
2953
7643
1530
1568
1602
1503
1631
7793
4067
5992
1501
1556
1482
1572
2022
2157
4147
2051
7792
7793
1494
1629
1478
3830
6662
1479
3831
3757
2032
3660
2166
2755
3034
1505
1599
1659
1810
1818
1554
1555
1597
2316
2697
1487
1491
5082
5743
1488
5084
5739
1490
1490
1491
4027
6636
4022
5219
5742
6377
1644
2427
7644
1539
1687
1553
1578
1637
1507
1618
1498
5507
6873
5505
6933
6946
1874
1768
3085
4341
1507
1533
1604
7809
7810
1553
1578
1832
1580
7792
2560
3560
5938
1510
1511
7502
2557
7438
7472
3560
6868
1514
1518
7230
2942
3466
3476
5118
7115
1517
3476
6663
7044
1517
1518
5946
6731
6904
5950
1521
4494
2260
5545
4495
6811
1673
1818
1955
1527
7670
1526
7671
3871
7675
1677
4671
1599
1561
1639
7674
7715
1538
1550
1560
1535
1617
1579
1639
1556
1543
1546
1592
7852
1735
1544
1845
1594
1595
1615
1543
1831
2326
1550
1618
2674
2679
4435
1600
1821
1979
5350
7726
2611
2891
7774
1843
1895
7818
1637
1749
1608
1631
7793
1608
1647
1870
1652
3107
5661
7917
3343
5806
3046
3117
5399
1755
7851
1568
1666
1563
1588
1601
1602
1619
1939
1978
2280
1606
1631
1661
1786
2487
2050
2375
1739
1570
1859
7728
1651
1593
1676
4029
2142
2883
1576
1585
1598
1604
1724
1580
1582
5715
2179
5376
1592
1938
4898
2997
5097
1619
1652
2571
3306
7798
1638
1726
1896
3256
3498
1616
1948
1629
1690
1665
1688
1894
1596
1597
1665
7642
1601
1632
1937
1829
2030
2306
1930
1908
1994
1616
1617
1608
1910
2155
2290
5519
1614
3251
3253
6299
1612
1630
1687
1614
3252
7411
1702
1618
1632
1639
1638
1767
1626
5072
7249
3716
5885
6914
7608
7594
7761
1627
1628
6962
7129
1626
5078
5631
5627
5072
6810
7356
5070
6834
6874
1749
1802
1846
1652
2746
4887
1636
3798
6867
1636
3802
7199
6968
7598
1784
2172
2175
3992
6541
7546
1698
1702
1728
2951
4149
5254
1981
2383
1646
3952
6943
3953
6925
1665
1943
1649
3953
5096
6925
7468
7529
6052
6789
6833
6261
3007
3173
5539
3347
1657
1811
5122
5126
1807
5124
7006
5124
7368
7500
1661
1979
3181
3612
7809
2054
2650
3294
5847
1927
3372
2679
3039
3608
1667
1676
1739
1944
2033
2486
6295
7490
6422
6922
6977
1740
1944
2551
5728
7791
2812
7738
2027
2460
4755
7853
2241
3869
4315
1690
3481
4445
5003
1680
1735
1767
1682
1684
3786
7471
1683
7317
7779
7655
7757
7756
1686
7470
7482
7756
7143
7757
1820
1900
1782
1940
1733
1737
4606
7002
1816
1953
3273
3599
7630
1849
2238
2685
1696
5821
6399
4588
6963
6860
1788
4243
6449
1782
1904
7888
1701
6773
6779
2603
3278
3855
6780
7131
1782
5676
1704
7078
7296
7251
1980
2019
2950
1707
1710
4489
7377
1711
4495
6807
1712
6316
7135
7328
1710
1712
6316
7478
1712
7328
6953
4948
7832
3526
4947
4948
1730
7794
7817
3049
2065
2215
3883
7739
1719
1722
1987
1723
1986
1721
3158
3991
7842
3990
7391
7847
3990
6775
3842
3990
3991
1726
1903
4925
7623
7886
1784
1791
3306
1992
2115
2007
2114
1815
1844
2495
2183
6538
1983
2176
2492
1743
2560
1841
1847
1910
1871
1902
2379
2712
7798
1743
2505
7345
3710
4559
1740
1908
1999
2642
4218
2999
1745
2506
1912
2986
7791
5937
5938
6825
1843
7795
2794
4373
7750
2105
3605
3841
1839
7695
5495
1854
1922
1949
2523
5239
1790
2591
3001
5446
7725
7818
1761
6296
6908
1760
1761
6297
7312
1759
1761
6312
1760
6313
7463
6738
1763
3225
7802
1764
6918
1765
6626
1766
6627
5452
6190
1877
1916
5824
1772
3354
1771
1773
4196
7033
1772
4197
6277
7461
6664
7067
1775
6955
6517
6742
6862
5842
7640
1778
2868
6280
6932
2889
6281
1780
2863
7549
1781
7548
7460
4435
5359
1914
1957
1950
3386
7812
2839
1821
7810
7928
3674
3691
1791
1796
3366
3907
3980
1795
4726
5132
5378
2100
2614
1798
6888
7501
1799
6492
6321
6771
6888
1936
3031
7919
3103
3385
4848
1820
1965
1804
1812
4009
6543
1808
4010
6544
1808
1809
2507
7107
1809
2508
6869
5122
5859
7500
7456
1812
7116
1841
1977
3429
5124
6556
1814
7626
7682
1899
2531
1839
2021
2013
1979
2782
4135
4873
1989
1836
7809
1828
4009
7190
7951
1826
7190
7379
7950
1825
1826
7849
6854
6972
7452
1857
1899
1906
2494
6972
7783
7848
1836
2427
2330
2781
1845
2004
2053
1903
7695
1852
1931
1961
3394
1870
1891
1943
1908
1949
1999
3266
7694
1894
1897
1940
2855
4298
7817
7817
7851
1846
1965
1977
2003
2489
2521
2983
7712
1858
1915
2819
3323
5416
2886
3350
3674
1962
2195
2499
1855
1924
1941
2518
1930
1939
1937
1938
2825
7607
1948
7852
2627
2756
1861
3524
4326
4328
1864
4325
1864
1865
3712
7018
1865
3713
6995
7435
1866
7193
4325
6995
2111
4020
5160
1869
6479
6657
6967
6591
6656
1910
1877
1991
1909
2451
3490
4622
7667
7749
2049
2146
2267
7648
2001
1881
3478
6980
3478
6709
6865
7418
1881
1882
6766
6767
3478
4078
6709
1984
3741
6050
2085
2340
2628
1887
1888
4198
4200
1890
4196
4199
1889
7489
1892
7479
1892
7434
2000
2006
2520
7429
4199
7033
7389
1943
7689
7725
3595
5181
1996
2005
2522
2077
2593
2601
7851
1902
1989
2597
3028
3538
1991
1934
2014
1931
1940
7725
1941
2554
2023
2244
2773
1939
2428
2703
3232
2000
3823
4399
4731
2242
3467
5929
2049
2051
2329
1916
2048
2827
3550
6969
2001
3498
4485
3126
5003
3653
1921
2989
3756
5322
6713
6960
1924
1930
2316
2763
4067
2568
2760
7627
1946
1992
2010
2573
2080
2374
2605
2457
3392
4708
1937
1962
7888
2015
2020
2704
2773
2371
3731
1957
2031
2710
4379
7745
2084
3400
1941
1948
1995
1994
2115
2116
2005
2024
1947
3224
3539
5688
1961
2366
7887
3226
5090
5666
2496
3037
7916
3328
3624
7739
2233
2280
2372
2021
2033
2592
3326
5154
5286
2866
3195
3202
3300
2048
1959
1960
7496
7409
2064
1997
2166
2046
2213
2307
2017
2159
1981
7645
1968
1971
1970
1970
1971
7407
7426
1973
1976
7166
1975
1975
1976
7419
7406
7265
1978
2538
2030
2144
7575
2566
2571
3401
3026
1986
1987
7508
7511
1988
2994
7403
3991
7509
7510
2047
2160
2332
2470
3014
3441
2044
2165
2550
7887
3399
5519
2565
5673
1996
1997
2585
2575
2014
2235
7694
2080
2003
2066
2164
3766
2586
2017
2146
2006
2596
6622
3607
3124
3859
4282
7730
2236
2663
2873
3382
3911
6231
2081
2085
2735
3494
2031
2064
2195
2157
5128
2178
2024
2067
2656
2252
3115
2064
2126
2067
7822
3602
2327
3067
3150
2033
2163
3096
7580
3342
3674
4118
2030
2691
2352
3732
4240
7736
3526
5285
2211
2254
2141
2680
7808
2817
3568
2330
4351
2037
4077
6921
2969
2128
2181
2367
3364
3625
4477
4225
4226
6598
7480
6598
2125
4771
5778
2047
2194
2572
3949
4315
2194
2299
2181
2060
2221
2292
2076
2726
2788
2053
2146
3299
3362
5456
3761
4410
5357
2577
2144
2231
2252
7786
2232
4017
2167
2807
4900
2066
2214
2317
3688
2978
3441
4902
2461
3096
4511
2366
2394
2690
4633
2213
7823
2071
5950
6935
7208
2070
4342
6935
2071
4311
7753
7375
5947
6438
6889
4717
5429
6649
6901
2822
3445
4000
4561
6267
2077
2179
2602
2669
3231
3589
5350
2265
2496
2341
2818
2135
4857
2600
2797
3965
5983
3669
2677
2087
2091
7458
2092
7373
7431
2091
4165
4170
7372
2501
3296
5920
7015
7024
4166
4166
7293
2098
4842
6831
6975
2096
4843
4844
6831
2549
2659
6831
2659
7370
2292
2667
2727
4847
6210
6886
2333
7715
2673
2965
2102
2214
2382
2409
2437
2104
7255
6743
2600
4502
4675
2789
7864
3155
3992
7880
2751
2807
2126
2139
2198
2907
2403
2919
3516
4508
2429
3349
3569
2744
6121
7667
3271
2825
7606
7607
2550
5673
2669
2681
2118
2120
7381
7382
2121
2122
4785
2120
2121
3120
3121
7361
2123
5855
5855
6007
7381
5757
6599
6861
2821
4874
2672
4270
2244
4488
2178
2365
2664
2782
7785
2131
6976
7110
7550
6603
7704
2262
2306
2691
2304
3490
7717
2287
3400
4467
2784
2878
2883
2743
4655
2236
2366
2326
2727
2765
3324
7602
2145
3017
4449
7787
2243
2920
5045
2579
2291
2656
7718
2153
6272
6654
7029
2152
6274
6654
7454
2151
7029
7160
7441
3571
6654
3571
7344
5529
6092
6533
3100
3618
4518
3026
5340
6477
3725
3924
2537
4037
5515
7513
2160
2178
2181
2235
7694
7822
2233
2673
3087
2304
2656
2165
2213
2194
2377
4033
7862
2169
6262
6442
6495
6308
6432
2171
3582
4427
6304
2175
7920
7921
3155
7546
3582
6304
6541
6929
3582
6541
3910
4788
3879
5101
2397
2406
2460
2580
2564
2235
2254
2289
2640
2614
2662
2965
3736
4274
7672
2189
3238
7444
7448
2432
2921
4493
2187
3238
2189
2790
2432
2433
5148
6788
7323
2303
2823
3137
4498
5880
7775
3356
4924
2978
4824
2641
2548
2999
2532
2756
2820
2236
2238
2200
2203
4867
2204
4870
4871
2206
3849
2204
7306
2206
6559
7450
2209
2210
6842
3276
4483
6573
3276
6516
2212
4456
2221
2409
3276
4446
2676
2221
2668
2708
3233
3966
2217
2218
5028
5689
2220
5029
5692
2222
7432
2220
5692
7302
7389
2222
7360
7302
7455
2352
5810
7735
2906
2982
4071
2227
2228
2228
4693
7297
7120
7148
7250
7047
7120
7294
2909
3714
4657
7892
2234
2407
2877
2742
3009
2252
2462
3130
2422
7877
2838
2960
3010
5013
7876
2536
2842
3680
2475
3773
4104
7610
2572
3914
2359
3413
2711
3492
4194
2327
2907
2278
3271
2248
2249
4513
7204
2248
2250
7320
7273
2250
6430
7075
6704
2475
2838
7609
2398
2489
2538
2409
2256
2257
6322
2258
6323
2259
7476
2260
6769
7209
7270
6769
2268
2611
2869
2947
3469
3621
2591
2787
3537
2374
2551
3871
4956
4958
2579
2801
2904
3453
3440
3891
4478
2272
7106
7263
7758
2276
4339
7106
7759
7464
2275
2740
7376
3165
4948
5576
7829
7264
4745
6856
7376
2309
2938
3379
3494
2843
4000
5433
2538
2282
2285
6357
7860
6359
6892
7859
2285
6892
7474
2286
6315
6892
7167
7259
6600
6777
6813
3483
2331
2658
2698
3308
2422
2811
3230
2792
2913
3399
3672
7823
2329
2791
2799
5620
2809
3366
3520
7868
4553
7665
2334
2494
2531
2323
2423
2495
2333
3871
5227
2641
2858
2871
3027
4086
4970
3525
4084
6408
3480
7136
3238
7445
2551
2703
2823
4472
2427
2676
2860
3033
4767
7700
2318
2934
3023
4859
7744
2312
3088
4692
7236
4942
7649
2940
3613
4104
2376
2518
2554
2892
3295
4856
2577
2440
2520
2586
2351
2523
2568
5043
7708
2436
2575
2585
2547
2574
3168
3113
4780
2441
2522
2596
2329
2446
2799
2846
4829
2945
2499
2548
2699
3371
4594
2615
2643
3178
2536
2999
3008
2919
2922
4041
4343
3157
3809
5515
4458
7246
7499
2684
3424
4021
2341
2343
2348
2347
7304
2346
7134
7211
7215
2581
2672
3597
2347
2348
6795
7211
7278
7134
2686
3015
3686
2422
3672
7823
2490
2671
3179
2578
3020
2849
4457
2357
2358
5105
5109
2356
2358
5474
2357
5106
5112
3100
3467
2363
4982
4983
6973
2363
2364
4985
6532
6744
7203
6973
2580
2851
2885
2640
2890
2996
2400
4414
7027
7223
2678
4974
5359
7559
3425
4391
2378
2384
6692
6702
2703
3232
5415
7843
2644
2688
3196
2620
3293
5657
2385
4697
2571
3051
3469
3535
4827
7599
2668
2974
2985
2566
2705
2385
2647
3903
2648
7072
2577
3099
3398
2602
2781
2918
6301
2389
2392
5624
5627
2391
5625
5629
2391
2392
4547
2393
6894
7184
4541
6687
6887
2708
2768
3593
3004
2879
3011
3509
2835
3074
3094
2728
2759
3193
2405
6888
6982
7176
6545
2402
6545
7465
2405
6783
7176
2848
5620
2405
6982
6771
2614
2423
7795
3417
7602
7630
2840
5395
5943
3727
4113
2928
5707
7894
2416
4876
7038
7050
4876
6999
7038
7583
3694
6758
6853
3827
3947
2419
2421
4575
4579
2420
4576
7040
7162
2547
7794
3848
6313
2852
3733
2524
3162
3814
3942
2451
3604
2997
3017
2597
3097
4075
2434
2435
3544
3546
5640
7446
2434
4503
7447
7159
3041
3119
6788
2702
2748
3218
2840
2933
3012
3317
5175
2533
2582
2753
2758
3228
2750
2757
3234
2444
3627
3488
3628
4132
4134
2901
5300
6081
3236
5385
2905
4787
5287
2452
2453
7274
7102
7154
7315
3964
4464
6998
2454
2455
7101
7144
7058
7094
7154
5252
3905
5811
6529
7543
2691
3227
7850
2547
3292
2813
7124
7152
7311
2466
4353
7043
2467
4354
7253
7139
7090
7152
3024
3634
3677
3906
4395
4048
6196
2799
3420
5903
7912
3930
3947
4781
5852
3010
4362
5334
5337
6816
7298
5336
6779
7131
4664
4668
7324
3208
4567
7037
2484
6276
7157
7181
2483
2484
7337
7123
7130
7181
6963
4877
7331
3796
6291
4101
7903
3749
3750
7494
2586
2516
3263
5010
7904
2692
2993
3251
7796
2554
2531
2516
2523
2899
2900
5300
5580
2734
2777
3697
3762
2575
2944
3117
2752
3095
3615
2503
2504
7385
2506
7254
2505
7099
7248
7002
7017
5937
2508
7456
4855
3939
5025
3323
3550
4731
2512
3705
7597
6098
6218
6491
2804
5835
3291
4144
2891
3266
2605
2787
3249
3388
2568
2548
2658
3114
2596
2780
3258
3369
2585
2766
3310
4626
2526
7158
7364
6884
7177
2528
4802
6757
6042
6884
5707
3070
5896
7788
2643
2875
2941
3032
3236
2535
6143
6525
4588
5233
3245
3460
3989
5155
7510
2728
2663
2681
2761
2541
2545
7581
7582
2544
7397
2543
2545
6747
2544
6624
6247
6758
2948
3579
4045
4936
2704
2556
6685
2775
2556
2599
2659
7441
2660
3016
3129
2688
2967
4404
4827
4939
6272
7029
2558
2559
3560
2563
7472
2560
2562
4606
2562
2563
4867
7401
4872
7057
2565
2669
3372
2707
2951
2671
4716
5428
6905
4716
6907
7225
7704
3415
4096
4242
7748
2643
3320
2698
5678
7593
3167
2946
4263
2580
3309
3530
2595
3596
2588
6871
2748
2753
7257
7275
5008
7030
6554
6604
6871
6997
7217
7257
2628
3025
4924
2697
3029
5252
2712
7798
7799
2757
3791
2937
5144
6362
7707
3570
7344
3841
4778
2726
3029
2849
4140
7807
3057
3486
3961
7946
3220
2607
2610
2624
5377
2608
5380
5562
5076
7356
2956
5761
5074
6950
3161
2827
2874
4288
3052
7894
3094
2688
3348
2991
4282
7799
3301
7718
7804
2619
3380
4797
7957
3434
5226
7861
2622
2625
5191
5193
2626
5427
6615
2624
2709
5380
5421
5427
6948
5421
7011
5192
5195
6948
2685
3784
2677
2630
2631
6764
6767
2633
2634
6765
2632
7251
2633
5603
6768
3402
3658
7843
2841
6468
7653
3181
3653
2639
3523
6960
5774
6713
2641
3209
2671
3345
3305
3496
3561
2647
2649
7834
7125
7837
2649
4698
7001
2830
3152
3592
3617
3706
3118
4993
2654
2657
4534
4541
2655
4535
4539
5203
7365
7717
5202
6778
3147
2778
3844
2682
2819
3588
3918
3038
3575
2775
7877
3297
7784
2943
3128
5139
2934
4279
7744
2791
3351
3745
2676
6300
4502
7677
5749
2716
3039
4294
3531
3711
3772
2787
4026
5283
6064
4660
4951
5151
2775
6300
6467
7846
2768
3057
3519
4361
3562
5079
2816
3394
3652
2761
2781
3504
6301
3805
4092
5159
3456
7740
2869
3332
3383
7797
2694
7261
6016
7142
3484
3648
2884
4278
2892
2702
5543
3467
4836
7791
3667
4217
4497
5822
3374
2908
3241
3303
3901
3904
6841
3540
2847
3961
6965
7011
7427
3270
4655
5178
2847
2920
3821
2991
4426
6824
6965
7778
2715
3424
3562
4726
5132
3079
3259
4537
4758
7571
3002
3343
3984
2720
6126
6576
2721
6212
6375
6077
6306
2723
6414
7299
2724
5972
6194
3047
3764
7613
3764
6414
7872
2979
2955
2742
3605
4529
5035
2733
6855
7507
2732
2733
4774
7507
5468
6110
6437
5969
6809
2908
3114
2818
3078
4098
2762
3690
3862
7289
5449
7220
2740
5449
6938
5448
6653
5816
6653
6677
3353
2776
3623
4378
4838
2749
2815
2982
4746
2887
3618
4367
7806
7922
2750
3275
7935
3406
3043
7854
7905
2846
3420
6030
2759
3401
5747
7676
3101
2765
2758
3412
3404
2857
3008
3564
4062
5349
2794
2915
4216
3230
3672
7805
2955
2911
3463
2878
3536
3456
4823
3125
3606
4108
4969
4422
5048
7178
7247
7451
2908
2949
3004
4429
2945
3219
2908
3150
4091
2894
3091
4066
3465
3661
4961
2822
3761
2961
3464
2834
5550
7866
3009
3087
3261
2979
7843
3272
7863
3133
3135
2801
3826
4442
4822
3065
3370
4219
7532
4067
3303
4332
7629
2937
5007
6241
7875
3282
3535
2922
3396
7808
5134
3222
2812
4229
4893
3641
3917
4396
4932
3856
4152
4279
6090
3180
4917
3651
4583
4656
2836
7622
7867
3037
5403
7812
2840
3580
5899
4269
7754
3511
3743
3897
3704
3760
7723
2879
7876
4192
4389
4409
2820
3658
4941
2941
3614
4152
3914
2836
3728
3748
4191
4621
3329
3590
3767
3018
3330
3388
3050
3908
5199
7525
3299
5487
3309
3451
3776
3505
3726
3878
4212
7903
3487
7865
2869
3393
7885
2877
5226
4119
4299
4621
7606
3686
3688
3869
5966
2932
3758
3806
2848
2922
3209
2939
3963
3740
4126
2919
3702
4605
3382
3423
4346
2904
3290
5044
3576
3866
3229
3878
4714
3887
4589
3255
3483
5262
3245
2860
3298
3021
3299
3928
4209
3357
2863
2864
3599
7549
6737
7604
2865
2865
2868
2870
2893
2921
3883
3194
4112
4502
2870
2889
2996
3298
2981
3063
3294
4069
3680
7659
2955
3340
3838
4710
3529
5179
3558
4794
3499
3784
7089
7636
4258
6017
6673
7636
3742
4973
7927
3327
3558
4995
2890
3290
3649
3100
6281
6285
5207
6283
3315
3453
4097
7825
3277
3513
3804
2944
3336
6037
2897
2964
4057
4480
2963
4481
7369
2901
4121
5441
5986
2963
7276
2902
3092
3459
5300
5856
2917
3222
3477
5286
5690
3139
3534
3704
3707
4041
5372
3446
3685
4034
5829
2914
6409
6776
4681
4807
6643
6707
6876
3048
7752
3032
3642
3778
6114
5914
4708
3277
3943
5827
2929
5666
5688
2925
2930
7096
2926
6931
2929
6893
3036
5512
3052
3126
2930
4403
6352
7801
3458
3763
6147
3701
4363
2974
3322
4051
7915
3014
3809
5301
4858
5135
2950
3257
4073
4306
5041
3183
4837
7931
3078
4459
6022
6435
7535
3325
3390
2998
3241
3116
4239
4341
4149
4707
3115
3004
3734
4932
7855
3334
6410
3153
3265
3319
3433
3662
4505
4755
4375
2959
3480
4085
7362
3654
4112
3417
3873
2963
2964
5441
7169
7170
5986
7164
3079
2980
5874
6185
6445
3112
4550
2972
3076
7180
7182
2971
6221
3182
3458
5814
2973
6921
4921
5725
6221
2976
6141
3405
2976
4899
5506
5906
4921
3384
3402
4738
3402
3956
3898
5363
6589
3275
3837
3891
6823
7816
3154
4676
3033
3405
2987
2988
5929
2989
6713
2989
2990
2995
2995
6662
3124
3643
3882
4281
3254
3312
5149
7507
7513
6160
3315
3747
6091
3393
3449
3460
4018
4185
7874
3339
3341
3003
4118
5784
5361
6061
3159
4044
4321
3078
3677
3994
4471
7658
3353
5027
3363
7873
3322
3376
3449
4138
6332
3371
3906
3791
4323
3101
4046
4161
4020
5389
3051
3806
3111
5157
7739
3148
3325
4732
3311
3358
4110
3444
4297
4531
7746
3249
7942
3326
4875
5147
5333
5848
5910
3221
4241
7825
4453
7925
3530
3815
3357
4312
4654
4681
5667
6062
3899
3094
3262
3548
6256
7701
3244
5125
6850
3390
3419
5287
5710
3543
3651
3925
4217
4812
6348
3396
4295
4798
5149
7618
3502
3711
3131
5169
3313
5553
3415
4265
5315
4825
5034
6007
7388
3242
4709
3056
6522
3058
5504
6137
3606
3938
4153
4909
6017
3620
4901
6526
3391
3470
4626
5697
3698
4718
3361
4093
4193
3797
3877
7629
3316
3958
4465
3086
5828
3236
3284
4611
5085
3072
4203
3137
6132
3729
5344
7789
4297
3223
3393
3076
3077
7262
5869
5996
5263
7182
3575
4264
4886
3082
3522
5009
7228
3088
3088
3089
5009
6984
5092
5550
5085
7558
3259
3090
3090
3816
3960
4184
6457
3912
4073
4210
5746
3221
4412
4333
3167
4039
5255
3781
3104
5779
5919
3210
3577
4819
5174
5771
5787
3304
4523
4935
7869
3115
3130
3378
3387
5247
3875
4054
6149
3747
3193
3353
3455
3454
4906
3213
3302
4319
3475
3820
3215
3923
4378
3334
3119
5125
5127
3544
3122
6861
3123
5855
7361
3123
5164
5969
5141
5177
3701
3286
4818
5316
5392
3160
3214
3482
3755
3650
4245
4742
3844
4161
5261
3292
3622
7648
3168
3292
3375
3134
3555
7323
3137
3557
4498
6859
7380
3146
4068
6790
4440
7380
7382
3846
5965
6774
7551
3142
6383
4831
7095
3188
4736
7747
7748
3261
3833
3970
3178
3320
3403
4048
5597
3214
3308
3739
3646
3732
3818
3151
3381
3610
3996
7880
3294
3361
5024
3220
3263
3613
6015
7862
7547
3619
5858
5967
3842
3989
7547
3994
4355
3668
4989
5819
3462
5628
3413
4684
3179
3345
3346
7831
7832
3324
3698
4295
3379
3320
4766
5976
3351
3657
3836
3706
5459
3308
3374
3416
3440
7815
3196
3348
3397
3176
6669
6946
3177
6560
5959
6669
3348
3263
5489
4557
3660
5054
3613
6564
3228
3404
3497
3186
4539
7420
4536
3338
3438
4143
6021
7688
3190
3191
7702
4603
5965
4457
4605
7703
3218
3406
3491
3404
3710
4276
5360
3591
4047
3345
3198
3200
7327
3204
7226
3318
3657
3852
3204
3205
3234
3412
3506
3966
4047
5093
4125
4155
5456
3208
3208
7194
3271
4309
4312
3311
4209
4484
4884
7348
3927
4863
7614
3247
5936
7944
3237
3384
5856
3246
4462
3475
3579
4691
5365
3217
6597
6621
6440
6521
6741
3374
4018
3232
3319
7603
3351
4512
3866
3226
4400
6352
6927
5452
4557
3412
4106
3580
4779
5023
7820
3248
3624
6207
3406
3432
4298
6346
3851
3962
3936
4718
4977
3785
4206
4808
4324
5581
3257
3752
4039
5140
6788
3680
3972
4421
5498
3861
4172
3966
4186
4026
4088
3258
3502
7751
3252
3254
7411
7796
7618
7929
3595
5889
3379
3696
3770
3916
4227
4387
3770
3974
3631
3897
3681
4219
4816
5632
7532
3551
4663
3457
3731
3328
5188
7740
6263
4264
4316
7553
6199
7746
5579
4684
4772
3291
3735
5693
4929
5343
3775
5063
5896
7596
7865
3548
3609
4896
6337
7832
3469
3518
3346
3554
4277
3344
3610
3294
3700
4386
5812
3519
3606
4457
5684
3468
3477
4109
5690
3432
4203
4538
7770
5393
3845
3434
3651
4520
4980
3632
6211
4583
5010
4630
7731
5471
4811
4971
3359
3868
4285
4916
3373
4324
4788
4995
3594
4741
5558
3596
4635
3597
4043
3463
4603
6069
3647
7937
3383
5426
4249
5987
7526
5497
4609
7770
3370
5384
3400
7919
3340
4044
3604
3876
5437
3840
4928
6614
3396
4371
3419
5621
3552
4451
3417
7602
4296
5081
3931
4967
5578
3793
5022
5100
3864
6145
7788
4276
7796
3488
3813
5376
4860
6691
4109
5510
5964
3342
6237
3662
4393
6213
7141
7241
5961
5361
5446
3539
3794
3872
3886
3587
3886
4018
4023
4531
3896
3747
5289
3670
5000
3573
5039
3945
3355
6955
7461
4401
4757
7731
3365
4732
5004
3611
4153
4230
3397
3835
4275
5469
4220
5004
5812
3694
4769
4123
4443
3645
5408
7937
3728
6366
4342
6746
6872
3444
3485
4438
3465
7816
3955
5915
5217
3373
5890
3935
3431
3822
3845
3580
7879
3987
4629
6529
3421
3780
3820
5387
5901
7537
3664
5301
3881
4675
5083
3956
4184
4631
6622
7559
3387
7916
3537
3793
4832
5962
4787
4160
4397
3569
4249
7946
4382
3538
4620
4641
5650
5654
3808
3896
3940
4442
6124
3879
7677
3427
3853
3876
3986
3840
4753
3985
4519
7635
7709
3409
5051
4971
5706
3464
4410
4789
3416
3777
4340
3997
5892
4023
4686
7874
3537
3730
3935
3466
7845
4089
4805
3615
3932
4234
3435
4160
4551
4596
4267
4709
5454
4795
6265
3748
7885
3926
4854
3948
4287
4060
7368
7956
4064
4171
3563
5633
7544
3971
4251
5652
3551
3681
3925
5593
3689
4301
4397
3437
4856
5768
6031
6148
3765
5659
3584
4143
4497
7908
7657
4273
4839
3489
3512
4031
4389
3766
4658
4793
5783
5264
4221
5156
5630
6214
7819
3760
4952
5492
4322
4382
4115
5930
3581
4043
5537
4327
4632
3457
3862
5944
3461
3945
4001
4990
3926
4262
7523
4482
5986
3652
4122
4187
3733
3942
6006
3873
4849
3941
5486
4530
7856
3574
6618
6014
3528
4303
4367
3719
5425
5053
7021
3626
3628
7352
4701
4702
6989
3482
3697
5118
5120
3549
4204
4079
3493
4084
4086
4671
5566
6093
4687
3575
3857
4759
6394
5783
4374
4992
3785
6167
4134
7439
3692
4015
4425
4195
3541
3946
3985
3593
3973
4020
5577
3558
3647
4484
4691
3594
4269
7755
3553
3986
3999
6226
3509
3564
3854
5720
6117
7216
3661
4271
5786
6021
3509
4714
3567
3988
3997
6472
7032
4167
4170
7022
7202
4351
3669
3833
5472
4154
5066
5232
4734
4754
5366
3883
5157
6389
7136
4178
7340
3566
4041
4207
4289
3841
4990
3612
4725
5523
3816
4770
4994
5002
5005
5331
7196
7374
7435
5985
6985
7136
3744
5612
3644
3894
4486
5240
3655
4465
4835
3954
4280
7811
4049
5088
5168
3856
4152
4747
3607
3664
3846
6175
3965
5375
3929
4602
3791
4042
3687
4901
4094
4360
5113
6132
7383
7388
5563
7904
5126
4308
6619
6782
7291
3547
6850
7159
3724
7006
4840
7700
3574
4320
4865
3823
4402
5014
3586
3864
7789
4158
4318
3587
4402
5509
3557
6859
3655
4821
4835
5809
5695
3633
3879
3880
5574
3874
4930
5846
7534
3878
4106
7545
7876
4686
5587
7915
3774
4107
4317
4159
4348
4238
4245
6177
3735
3938
3571
7441
4105
4546
4659
5230
4116
4809
5603
4631
4651
3763
4521
5790
7673
5494
7878
5018
7730
3585
6303
6929
3737
4217
5020
6929
4092
4451
4674
3681
3658
3805
4883
3709
3754
4365
4971
4955
7517
4208
4823
4142
5012
6129
6797
3608
3699
4553
4906
7698
4772
7699
4637
5063
3603
5378
4116
5167
5132
5551
4190
6072
5520
6578
3631
4840
3762
3794
4195
7718
3753
5941
4676
3622
4747
4593
6112
3666
4711
4882
5165
3624
4186
4713
4114
5025
6286
5568
3653
6014
3944
4533
5800
4814
3949
3627
3629
3629
4134
3817
4313
4369
5816
3776
4347
3703
4366
3807
4033
4999
4501
5158
5166
3955
4261
4463
5915
3637
3638
7231
6498
7147
3952
5096
3640
6020
6943
5221
6498
4866
6044
7855
4620
3836
3843
4345
5272
4452
7936
4110
4205
5184
4032
5564
4973
7879
4286
5311
3921
4569
6435
3686
4119
5999
4370
4841
3727
4155
6793
3745
4232
7844
4239
4969
4997
6268
5091
4394
3745
4434
5470
6002
4077
4311
7453
4211
4735
3744
4174
5612
3755
4211
5165
3770
4118
5271
7804
4213
5534
4611
4640
3937
5566
4098
4501
3679
7353
4288
3683
6746
6872
3684
4083
4304
6083
3769
4056
4938
6416
4520
4938
4135
4487
4690
5984
5311
3792
5635
7910
4066
7657
3784
4558
7797
3752
3820
4496
5436
5892
4564
4888
5303
4426
4615
5758
7806
4250
6526
3913
4038
5845
7519
4713
3714
4124
3909
4894
6176
3858
4142
7755
4608
4049
4216
3713
7435
4441
3716
3717
7691
7760
7321
7761
7573
7680
3719
3720
5423
7082
3722
3723
7705
3723
7663
5355
6187
6826
5354
7654
6792
6850
4944
5585
6401
5633
5804
5307
4674
7734
3739
3777
5726
4607
5500
5397
6467
7846
4344
5289
4624
5917
5353
6346
5845
7560
7944
3755
3966
4833
3875
4284
4258
3888
4173
3963
4937
3827
4395
4705
4375
6291
6990
3751
6292
7145
7068
7490
4234
5390
4390
4142
4257
4469
3757
6160
4407
4672
5533
3840
4546
4598
5745
7935
3873
4496
4024
4371
5040
4210
4499
4040
4975
3931
4212
7902
5297
7805
7878
4101
4314
7902
3810
4577
5042
5538
3819
4359
4362
5368
3811
5372
4637
7807
4381
4211
5546
3815
4490
5556
3844
3874
4369
3845
3932
4046
4312
4899
4157
4247
4918
5452
3890
4695
5024
5143
5163
7865
3787
3788
7779
7780
7471
7572
7317
7779
7105
7317
7574
5257
4015
4600
4088
5090
3796
3799
6295
5478
7243
7598
7469
7599
6922
6956
3802
6696
6922
6968
6602
6956
4223
4278
4940
4661
4977
5394
4265
4672
3880
4352
5027
3835
3886
5217
3893
5099
5431
4107
5240
5340
4218
4259
4652
7685
4485
4605
4776
3851
4066
4963
4852
4089
4372
6288
4097
4444
7824
4233
4833
3876
3971
4980
5461
4138
4231
4813
5540
5752
4095
4681
6750
3829
3834
3832
3831
3832
7459
3885
6173
6465
4277
5575
4384
4512
5491
5799
3850
5151
5718
7808
3996
4246
5833
4744
3959
5014
5704
6883
3849
5224
6890
7450
4256
5590
3872
4232
5089
5464
3896
3948
6219
3930
4616
4954
4598
4625
4212
4615
7729
4868
4934
5386
7906
7945
4610
5653
4562
5387
6246
7538
4231
4689
4742
6189
4230
7805
7926
4052
5766
4030
4390
5349
4042
4091
4313
5306
5789
5890
4383
4999
5723
3911
5321
7941
4638
5251
5480
4633
4032
4117
4627
7819
5162
5472
7585
5259
4191
4468
4619
4611
5799
4148
4607
7736
7619
7815
4120
4332
6332
4145
4237
7864
3912
4107
4593
4272
4556
6469
4154
4294
5268
7918
5087
5682
7953
3902
6837
7192
7366
7072
5534
7012
6171
6659
6692
6837
4380
4563
4030
4725
5183
4902
5553
3957
4406
7546
7920
4193
4345
5614
4248
4952
6051
4052
4284
4807
5021
4181
4560
4650
4979
4437
4941
7845
4981
5974
3962
6782
4742
5971
5922
6917
7655
4117
4239
4727
5128
5167
5719
4432
4548
5726
4093
4651
5794
4110
5893
4309
4733
6446
4314
4251
5488
4201
4584
5014
5691
4244
4306
5077
3946
4188
5288
4344
4361
4119
4453
4532
4542
5367
4302
3983
5418
4493
4976
4228
4727
6550
3974
4094
5684
6750
4275
5569
4096
5781
4998
5030
5602
4824
5720
5839
3953
4017
4072
4596
5011
4241
5916
6426
7531
4673
5691
4121
4241
7824
4126
4992
4446
4174
4829
4190
5504
3998
4889
5875
7571
4277
4466
4784
4256
5123
5151
3974
4187
5440
4287
5541
4266
5266
6588
4074
4208
6331
3977
3979
3978
3979
7387
3978
7410
7355
7395
7216
4851
5307
6263
4031
4649
4754
5364
4145
4898
5317
4370
4487
4626
4104
5784
5806
3988
4001
6737
4159
3991
3995
3993
4792
7881
4459
4612
7391
7881
3999
4130
5952
7666
4158
4052
6053
4122
7257
7281
7416
4005
4006
7412
4005
7404
7386
7281
4008
6034
6126
6583
6184
6350
4014
6556
4013
4014
7456
4012
4014
7951
4013
7950
7379
4855
5503
6441
6636
6875
6900
7776
4183
4022
7163
7413
5305
4915
5197
7597
4027
4388
4054
4343
4657
4914
5094
5518
4098
6724
4029
6108
4851
5872
4425
5095
4691
5023
4352
5657
4221
4299
4619
4366
5604
4810
5145
5536
4774
5839
5884
4248
6006
4070
7685
4585
4490
5788
4282
4393
5302
4341
5672
5506
4955
5459
6003
4271
4057
7163
7369
4532
4859
4869
4954
5479
5559
4300
6565
4187
5060
5440
6754
4314
4506
4582
6875
4059
5876
6941
7214
4063
4064
4065
4065
6149
6246
6858
4610
7956
7368
5917
5648
7641
4346
4386
5274
4966
5255
7955
4223
4929
5782
4183
4826
5235
4976
5755
4412
4636
5280
5000
5615
4083
6746
6439
6447
7363
4082
6054
6439
6709
6392
6699
4304
7453
4085
4087
5437
5958
7362
7943
4573
4779
4368
5119
6476
4269
5325
5388
4500
4678
4340
5600
4822
5170
6528
4123
4216
4100
6777
7214
7245
6941
7064
4299
7064
7320
7353
4490
4728
5556
7949
4260
4376
4845
5356
4508
4206
4796
5194
6379
4662
4128
4585
5718
5360
5470
6480
4368
4492
4383
5512
5808
6618
4614
6268
6061
6812
7078
4444
4318
5548
4585
5091
4141
5205
5623
5417
4486
5272
4207
6293
4436
4712
6047
7930
4222
4889
7664
4134
4136
4133
4572
4136
4946
5420
4137
7140
7066
7346
4573
4773
5111
5286
4776
4821
5037
6501
5659
7909
4705
5543
4151
4629
4782
7537
4850
4944
4695
5744
5299
4323
5080
4577
4775
5582
4874
4195
4347
4220
6156
4436
4712
4496
4687
4348
5589
4360
5601
5110
5645
4164
5705
5991
4947
5067
5864
6085
6499
4167
7430
4170
7359
7022
7024
7284
7308
6697
7174
7202
7284
7024
4624
5917
4926
5860
4468
4545
4729
5887
4176
4177
4179
4180
4178
7415
4179
7240
7056
7240
4609
4751
7769
4310
4477
4636
4925
4351
7873
4955
4718
5402
4331
4463
4587
5713
4663
4294
4238
5900
5794
4233
6200
4464
4197
4200
7489
7434
7335
4402
4739
4377
5304
6124
5853
4470
5111
5249
4372
4662
6182
4317
5077
5571
5471
4268
5477
4214
6715
6838
7433
5958
6838
5887
5356
5265
5841
5460
6168
4468
4488
5875
5134
4848
4861
4894
5724
5961
6237
7393
5361
7031
4806
5396
5616
4533
6823
4500
4953
4968
4235
4382
4384
5129
4810
4258
6017
4529
6234
4832
5489
5173
4556
4263
5142
5231
6631
4688
7929
4960
5590
4962
6010
5251
5651
5837
4496
5090
4857
4931
5818
4377
4914
4255
7341
4254
4461
4255
4383
6080
4783
4967
7927
4385
5285
4676
5035
4596
5531
5054
6147
5655
4595
4887
4426
6057
7850
4346
6165
4345
4499
4771
5400
4394
4478
4738
5990
4993
5790
7673
7932
4537
4786
5557
6648
5101
5179
4538
4638
7769
4305
5839
6372
5968
4319
5951
4599
4934
4520
4291
4292
4292
7265
7290
7419
7283
7419
7000
6966
7406
4714
4828
5316
6028
4589
5059
4343
5306
4551
6073
4768
5211
4465
5384
5468
6569
4604
6011
4378
6420
4666
6842
7828
4899
5281
4933
5686
4342
5258
7577
4492
7882
5614
5031
4590
4601
4470
4850
5269
4677
5302
5338
4324
5474
5038
5257
4326
4330
4408
4712
7374
7266
7357
7407
7238
7426
4425
4679
6515
5112
5474
6462
4335
4338
7758
4339
7759
4337
4339
7336
7483
4338
7470
7484
7263
7588
4998
5824
5827
6146
6480
4381
5069
4354
4353
4357
4900
4354
4526
4612
5046
5071
5373
5735
7079
7097
5031
5409
5712
4444
4683
5182
5071
5160
4910
5407
5760
4970
4978
5333
6279
5706
6526
5697
4518
5345
5261
5278
5418
4521
5654
5313
6793
7749
5976
7947
5307
4757
4908
7732
6211
5365
4897
5039
5775
6611
4549
5229
4715
5833
4892
6567
4630
4806
7732
4531
4834
5210
4734
6038
4725
6427
7886
4544
4695
5716
4459
4504
5243
5543
4399
4650
5461
4626
5829
4548
5075
5685
7580
6510
5731
7803
6955
5528
5731
7800
4906
5955
5383
5419
6391
7933
4737
4894
5579
5434
5734
4685
5391
5166
5481
6320
7942
4443
4415
4416
7116
4416
4417
4417
6909
7149
7223
4420
4639
7504
7256
4511
6243
7850
6366
4455
4665
7504
7785
4428
7921
5622
7821
4442
4707
4431
4433
5320
6700
4700
6759
5358
5593
5595
6625
6197
7676
4660
6209
4446
4456
6028
4440
6563
7383
7390
4785
5054
5091
4477
5369
5767
7939
4949
5069
5445
5762
5045
5296
5298
6645
7538
5016
7567
5004
6151
4460
5277
5276
7256
4666
4460
4461
7219
4569
4916
5971
4649
7896
5504
6426
5221
5509
5732
6231
4783
5558
4950
6796
4820
5502
5129
4475
4479
6930
7278
4475
4479
7215
7211
4479
6920
7026
7041
4933
6827
6942
4481
4482
7276
6081
6081
5861
5491
6179
6076
5290
5397
4767
4491
4495
7478
4494
7209
4887
5607
7270
7328
5664
5898
7445
5169
5274
7616
4612
5146
6520
7159
5168
5275
4685
5019
4905
5156
5492
6155
4628
5021
4510
7408
7205
4538
4515
7273
7338
4515
4516
7204
7227
6475
5215
6412
6475
4625
5136
5711
6232
6063
6719
5436
4527
6992
7277
6140
4614
6547
7936
4912
4989
5320
5595
4895
5158
4528
4555
7473
6072
4666
7828
4622
7667
4536
6687
6778
4547
7420
4539
7109
4608
7365
6176
4547
4815
5255
4601
4780
7623
4678
6396
4965
5066
4753
5209
5319
5561
5232
5284
4610
4939
5715
4812
5059
6045
4555
4997
5086
6057
4889
5772
7571
5796
4751
4777
5253
5381
5777
6271
5980
4744
4996
5812
4566
4568
7347
7466
4572
4571
6983
4634
5498
7025
7425
6911
4881
5330
6334
4576
4578
7271
7162
7229
7326
6967
5671
7693
4579
4581
7102
7173
7040
7103
7162
4905
5578
4943
5033
4739
6908
7808
5385
4903
5011
6601
5058
5652
4830
5266
7868
4951
7518
4838
4884
5861
4628
5304
6785
4885
6774
5110
5979
7661
4928
5136
5347
5368
6153
7911
7867
4794
5281
5496
4605
5758
4826
5077
7307
7438
5184
5939
5796
4630
6381
4627
5407
5063
6446
4618
4866
5815
4979
5773
4621
5403
5438
6803
4803
6054
7928
5122
7672
5813
7937
5098
5903
4775
6562
4974
6047
5571
4723
6717
4803
5175
5517
7923
4751
4669
4670
4936
5672
5318
5438
6455
5180
6167
7651
5138
5638
6024
7924
4645
4646
7286
7016
4647
4648
7124
7138
4752
5531
5709
5424
4964
5017
7065
7092
4804
5170
6690
4943
7910
6147
7893
4975
5450
6655
5209
5599
5683
6818
5157
5564
6883
4668
4667
7341
4668
7504
4696
6936
4696
4697
6702
5581
5100
6883
5315
5888
4778
5412
5295
5314
5424
5469
4903
7785
4853
5234
5544
5868
5964
7894
7909
5088
5246
6465
6038
5210
7914
4989
4689
4946
5011
6078
5494
4693
7118
7047
7118
7297
4698
7001
4698
4700
6086
6319
6318
6606
7235
6319
7114
4704
5754
6253
4711
6105
6260
6928
4972
5639
6133
7940
5267
6429
5417
6216
6082
4735
5981
5123
6059
4717
4719
4720
7225
4722
7541
4721
6742
7085
4722
5119
6804
5607
7710
4916
5342
5387
7957
6225
6278
7533
5086
6547
5788
7948
4965
5630
6509
6546
5408
5810
5684
5900
5476
5546
5042
5530
6000
7826
5509
5732
4743
5762
6217
6294
5379
5658
6227
6257
5301
6068
7588
5628
7723
7648
4749
7112
7508
4750
7509
5468
7510
5741
7896
4757
5750
5019
4758
6326
7564
7571
4928
7879
4763
7229
7343
6342
6749
7153
7055
7093
7191
7394
7132
7162
4765
7093
6749
7055
5190
4840
5539
5611
5931
7873
7914
4963
6026
6617
5133
6593
6173
5016
5370
6496
5468
7513
6670
5341
6179
5312
5480
5983
4883
5313
4860
4954
5181
5667
5922
6924
5221
5419
5575
5757
7390
5967
5655
4790
4792
4849
5496
6193
4791
7869
7870
4792
6002
5596
7686
4849
4813
4915
4969
6468
4801
7252
5308
5677
4800
7158
4802
5901
6961
5262
6095
5901
5189
5710
7820
4908
6100
5163
4865
6452
5390
5432
5093
5129
5822
5863
6265
4828
5844
6207
5352
5367
4942
4987
4835
6381
7506
7923
5851
4848
6183
5228
5279
5973
5341
6493
5267
5160
6393
5113
7713
5614
5375
6252
4907
5842
5285
5374
5830
7601
5478
6021
6202
5093
4859
5362
7922
5819
6209
7930
5205
6121
5889
5998
5265
5278
6106
4843
7160
7195
7187
7370
4846
7063
4908
5068
5466
4847
7091
6831
6198
6796
5662
5261
5996
5175
6095
6650
6869
4980
5734
5115
5171
6723
5172
6706
5811
6224
4995
5557
7839
5057
5430
6183
5411
7738
5231
5655
4979
4872
5292
5493
6340
5367
5776
4872
7282
7127
7306
5044
6082
5324
7789
4880
7581
6275
6999
7157
7181
7194
4880
4881
7428
6999
4912
6260
5330
5205
6119
4886
7688
7687
5015
6087
7735
4890
5207
5772
7664
5633
7660
7912
5303
5422
5032
5828
5046
5823
6822
6421
4904
5178
5442
6458
4910
5092
5954
4961
5366
5750
5907
6913
7763
5944
5190
6364
6137
6673
5027
4919
4923
7497
5165
5617
6639
5488
5490
5131
6575
5150
6190
5293
7498
4922
6273
6551
5506
5645
6128
6298
7765
7766
6379
6650
5174
6266
7638
7927
4940
5258
5379
6203
7947
6510
5942
5493
5541
5492
6629
7839
6004
5041
5664
7829
5038
6252
5832
6969
6638
5635
6684
4947
4948
7515
4961
6073
5103
5111
5123
5458
5721
5828
7616
5037
4957
4959
5227
7557
4964
5870
5895
5173
5897
5399
5439
5930
6882
7768
5390
7954
5675
5422
5899
6214
5437
6242
7939
5297
6376
5254
5571
5343
7907
5867
6048
4986
4988
7185
7203
4984
7035
4985
6772
6973
4987
4988
7530
7532
5150
5188
5497
5662
5880
6364
7672
5475
5004
6087
6469
5591
5600
6849
7070
7212
7234
5495
5006
7053
5008
7028
5214
5719
5763
6986
7212
5033
5841
5199
6037
7525
5913
6471
6102
7737
5388
7565
5524
6596
5346
5807
5270
5353
5920
5098
5968
7943
5554
5748
5487
5716
6509
5913
5029
7467
7258
5476
5591
6284
5548
5594
5997
7707
5563
5296
6338
6234
5043
7708
5339
6487
5907
7872
5235
7830
5588
5639
6799
5420
6200
5338
5048
5050
5052
7178
5049
7247
6910
6978
5140
5053
6748
7046
5056
6222
6400
6308
6411
6442
5213
5321
7940
5233
7188
6348
5548
6755
5073
5661
6206
5555
5583
5877
5115
5484
5641
5943
5577
6255
5351
6508
5567
5616
5589
5605
5072
5074
5078
5601
5619
5076
5717
7917
5076
5270
7579
6293
6834
5845
7597
5517
5865
5291
5385
5084
5793
6879
5952
7797
5737
6895
5672
6827
5403
7952
5256
5483
5833
5180
5386
5490
6251
5364
5761
7529
5141
5164
6599
5656
6000
7863
5574
5139
5663
6477
5269
6334
5105
7010
7243
6812
7296
5108
5729
5771
5109
7010
5384
6496
6812
7629
5695
7938
5116
5121
7883
5161
5395
5117
5120
6835
6964
7884
5121
7045
5345
6507
6667
7049
7007
5127
6792
7006
5859
7672
5465
6176
5197
5752
6530
6264
5161
5222
5608
5990
5220
5532
5641
5209
5140
5146
6850
5472
7925
6189
5148
5643
5855
5214
5411
5184
5893
7875
5432
5518
6181
5148
5152
5340
5881
5153
5426
7613
5320
5153
5187
5287
5980
5926
5702
5382
5392
5171
6646
5440
7586
6145
5978
6809
5382
6452
5256
5272
6042
5485
5181
6129
5825
5779
5234
5177
5643
6569
6110
5348
5521
5584
6416
5339
5246
5986
5992
6672
5371
5187
6520
7444
7445
5316
5813
7819
6578
5192
6993
7076
6981
7036
5196
6993
5510
6719
5198
6436
6615
6740
6949
7600
6397
6535
6981
5954
5201
5203
5202
5204
5203
6721
5800
5309
6836
5823
6784
5362
5486
5611
5957
5326
5327
6134
7196
5454
5636
7858
5231
6036
7261
5324
5344
6358
5756
6647
7897
6735
7413
5744
6536
7706
5484
5733
5778
5972
6299
5225
7450
5568
5584
6790
5475
5535
5284
5537
6192
5560
5351
6143
5363
5477
5237
5238
7136
6985
7314
6389
5814
6088
7314
5245
6139
6643
6707
5275
5486
5248
5249
6551
7164
7773
5443
7915
5250
5250
6502
6799
5637
5818
5312
5396
5299
6377
7773
5280
5816
5831
6419
5407
7729
7781
5869
7929
7008
7084
5357
5795
5632
6089
5523
5644
5727
5282
5687
5874
5560
6684
5319
5759
6915
7893
5422
6165
5957
6448
5277
7219
5290
5475
5517
5906
7919
7925
5467
5733
6518
6104
6688
5287
5640
6788
5393
6089
5634
7933
5294
7765
6970
5338
5823
6065
7388
7926
6219
5450
6425
5441
5464
6102
5656
6112
5389
6331
5914
5516
5542
6373
5310
7624
5559
5347
6012
6716
5748
5483
5703
5325
5851
6562
5797
7949
5764
7853
5430
5801
5323
5328
5329
6726
5392
6916
7900
5329
6063
6960
7196
6395
6726
5370
5774
6134
7901
5774
6063
6395
5335
6780
7378
7330
6817
7298
6959
6226
6088
5418
5951
5640
5853
5607
5404
6186
7782
7610
5503
5665
6041
6118
5554
6652
7768
5909
7955
5769
5355
7462
7080
5524
5391
5455
5563
5467
5999
5776
5805
6049
5861
5499
5503
6136
5394
5971
5881
5602
5619
6290
5951
5955
7536
5501
6824
6950
5831
6068
7427
5398
6579
6320
5575
7932
5647
5394
6343
7390
5453
5465
6457
5785
5420
5463
5618
5777
5677
6646
5706
5977
5436
7729
7781
5406
5647
5864
5873
6046
6676
5621
5594
5762
6217
5444
6047
7930
7875
5426
6072
5414
5415
5416
7659
5416
7844
7946
6020
5427
5425
7705
6376
7663
5429
5700
5699
5794
5538
6202
5488
6361
5533
6909
5447
5735
6282
6329
5556
5870
6337
7832
5741
5775
7897
5587
5661
6166
5462
7854
7931
5605
5735
6282
7141
6233
6262
5449
6677
5928
5463
5473
5618
5904
5455
6386
6438
5826
6216
6555
5623
5847
5852
6928
5734
6519
5648
5804
5812
6048
7023
5764
7853
6482
5483
6723
5567
5599
6818
5716
6471
6119
5821
6332
6881
5754
5883
5789
7095
6487
5637
6679
7943
5603
6695
5840
5714
6800
5608
6362
5893
6575
5541
5628
7934
5569
6004
5799
5932
7590
5572
6010
5843
6192
5560
5949
6288
5562
7129
7778
5539
5931
5973
5663
5511
5513
7385
5679
7099
7385
5513
5514
7635
5514
6946
7100
6059
6933
6669
6944
6358
5596
5994
6101
5705
6076
6146
5665
6116
6199
5525
6272
6470
5886
5941
7545
5526
6274
5527
7454
6821
6931
7096
5529
6821
6893
6135
6470
5588
5916
6049
5763
5770
6586
5760
7621
6687
6887
5834
7954
5807
6711
6099
6453
7836
5596
7686
5701
6445
5703
6384
5591
6213
7141
7872
7096
7119
7801
5604
5642
6264
6009
6754
7586
5818
6004
5586
5821
5832
5658
6706
5953
5685
6015
7861
7356
7777
5748
5577
7734
6711
6154
6786
5593
7932
5779
5912
6120
6108
6588
5613
6245
5592
5675
6000
6081
6877
7276
6456
5671
6458
5960
6247
7584
6245
5598
5960
6399
5805
5636
6450
5594
5895
6592
6402
5617
6433
6003
6785
5943
6587
6008
5619
5605
5765
6449
5769
5780
5909
6593
5610
5624
6919
5625
6733
6721
6508
6374
6140
6305
5785
6506
5674
5903
5813
6303
6305
6119
5625
7184
6894
5627
5629
5631
6745
6919
6733
6887
5702
6497
6617
5670
5857
6005
7784
6093
7940
5651
6503
6035
7585
5671
5724
5714
6586
5838
5863
5798
6117
5886
6589
5725
5649
6521
6725
6046
6251
5981
6616
6720
6849
6075
7952
5791
6419
6717
7528
5827
6100
6245
6068
7587
5883
5722
5923
6558
6060
7590
6041
6153
5883
6363
6441
6352
5877
5904
6023
6420
7619
6106
6242
5676
6023
5922
7656
6026
6373
6501
7750
6019
7180
5751
5820
6212
7578
5736
5919
5988
6024
5717
7916
5711
6008
5746
5942
6107
6390
5988
7924
5731
5788
5692
5694
7432
6379
5696
6146
5700
7467
6132
5699
6902
7207
6069
6899
6901
6912
7258
5700
6901
6899
5868
6669
6944
5882
7763
5840
6312
6890
6085
6181
5964
5714
5733
6536
5867
5871
5980
6142
6412
6755
7221
5956
6116
7897
6049
6220
6250
6592
6036
6241
6385
5963
6051
7869
5865
5891
5747
6269
6133
6224
5869
6427
6029
6311
6429
6256
6027
6208
5838
7834
7837
5921
6553
6830
5771
5878
5738
5793
6735
5740
6895
5743
6444
5750
5793
6636
7776
6351
6448
5770
5783
7724
6197
5778
5817
5781
7577
5927
5932
6193
6228
6096
6563
5974
7896
6343
6069
6909
6038
5953
6401
6564
6162
6290
7898
5792
7577
6242
7692
5891
6353
7595
5939
6283
7570
5815
6230
6647
6830
5860
6166
6406
5998
6209
6012
6613
6705
6270
7747
6565
6084
6464
5966
6077
6302
5925
6053
6555
5875
6066
6127
5902
6007
5911
6156
6534
7941
5910
6012
6223
6531
6567
6234
6104
6186
5930
6080
6114
6493
6087
6198
5977
6022
6451
6800
6421
6184
5904
6508
6420
5843
6165
7857
6073
6366
7868
6991
7838
5837
6025
6370
6082
6035
6174
7586
6484
6258
5926
6484
6078
6638
6561
6578
5900
5981
6561
5846
7945
6231
5948
7437
6028
7905
5909
5918
6055
6406
6462
6836
6419
5905
5989
6027
6336
6052
6341
6391
5972
7613
6792
6120
6160
6662
6099
6195
6040
6101
6131
6159
6163
6039
6572
6906
6011
6039
6148
6353
6118
6672
6005
6571
5905
6154
6732
6382
6747
5905
5988
6027
5884
6809
7892
5885
6882
6358
7321
7762
6043
6030
7567
7733
5954
7629
6040
6378
6050
6009
6058
6103
6388
6080
6145
6094
6261
6363
6102
6117
6338
6019
6141
6192
6079
6122
6178
5958
6151
6550
7936
6056
6174
6269
5968
5974
7858
6671
6025
6178
6056
6030
6135
7948
6107
6390
6570
6096
6500
7899
6361
6731
6393
6453
6454
6164
6397
6395
6714
6374
6581
6141
5934
5935
7384
5938
7398
5937
7267
6120
7560
7171
6868
5949
5942
6350
6057
6797
6050
7104
5947
5950
6904
6935
5958
7362
7433
5953
6864
5983
6683
6045
6090
6191
7650
6351
6111
6445
6853
7583
6061
6505
6519
7871
6006
5999
6032
6110
6019
6083
7299
6778
7519
7560
7561
6144
7523
6599
6861
6596
5994
6423
6433
6950
6118
6525
6897
6203
6208
6240
5998
6188
6370
6225
6066
6092
6685
6874
6130
6152
6407
6018
6362
6631
7688
7748
6175
6062
6340
6341
7713
6154
6094
6243
7831
6123
6252
6564
7121
7639
7179
6097
7747
6208
6382
6056
6055
6371
6497
6067
6528
6040
6115
6855
6074
6934
7841
6461
6819
6056
6452
6129
6138
6690
6239
6225
7023
7856
7666
6340
6148
6175
6097
6361
7954
6259
7218
6196
6705
7589
6196
6134
6396
6518
7706
6132
6485
6504
6513
6205
6311
6947
7833
7834
7836
6228
6386
6438
7060
7840
6113
6356
6088
7578
6089
6206
6250
6644
6238
6503
6885
6251
6260
7649
6343
6599
6135
6513
6450
6456
6108
6439
6284
6660
6391
6585
7600
6123
6124
6107
6755
7221
6623
6253
6958
6114
6169
6222
6411
6115
6185
6560
6710
6211
6210
6455
6523
6437
6191
6515
6385
6172
6501
6166
6206
6406
6349
6201
6328
6696
6184
6210
6455
6504
6233
7898
6188
6330
6609
6479
6591
6183
6476
6534
6514
6159
6548
6298
6551
6629
6985
7314
6203
6915
6671
6229
6345
6605
6168
6178
6330
6644
6189
6629
6168
6803
6158
6982
6679
6353
6378
6223
6600
7167
6284
7899
6244
6354
6591
6248
6425
6535
6182
6170
6259
6339
6227
6235
7218
6180
7837
7561
6431
7549
6243
6226
6659
6370
7651
6212
6336
7848
6652
7082
7764
6328
6700
6927
6648
6386
6299
7618
6201
6539
6651
6611
6648
6485
6499
6734
6505
6236
6857
6239
6828
6364
6286
7117
6268
6306
6605
6674
6456
6235
6222
6400
6338
6552
7953
7182
6339
6613
7322
6458
6411
6872
6607
6708
6342
6572
6430
6329
6486
7221
6355
6542
6674
6987
7241
6511
6528
6757
6336
6632
6710
6723
6398
6558
7537
6747
7582
6311
6722
6298
6432
6478
6344
6606
6660
6287
6418
6590
6621
6261
7908
6421
6262
6294
6442
7062
7837
7520
6506
6705
6265
6267
6270
6271
6651
6271
6274
6500
6532
7899
7344
6276
6860
7038
7316
7335
7461
6279
7907
6281
7460
6294
6285
7417
7563
6289
6443
6680
6334
7117
7299
6329
6292
7493
7468
7490
6592
7068
7469
6297
6347
7463
6486
6301
6306
6355
6304
7920
7821
6345
6310
6431
6424
6335
6400
6424
7051
6313
6315
6954
6805
7478
6318
6626
6319
6321
6323
6325
6369
6368
6953
7417
7569
7620
7621
6499
6609
6371
6563
6344
6407
6415
6644
6405
6582
6635
6374
6491
6789
6460
6681
6403
6375
6348
6852
6896
6820
6444
6879
6378
6558
6523
6537
6584
6360
6367
7259
6367
7167
7322
6369
7475
6665
6402
6367
6368
6739
6954
6369
6808
6806
6371
6385
6569
6834
6595
6396
6448
6409
6459
6698
6426
6632
6976
7553
6464
6484
6811
6392
6447
6829
7020
7561
6579
6820
6439
6906
7826
6404
6713
6436
6413
6620
6860
6405
6587
6683
7829
6415
6552
6612
6971
6585
6637
6897
6478
6483
6416
7652
6430
7075
6594
7117
6846
6454
6474
6870
6896
6481
6661
6434
6539
6436
6824
6459
6429
6650
6647
7743
7204
6932
6483
6495
6655
6571
6676
7494
6717
6655
7112
7512
6524
6910
6515
6481
6542
6674
6721
6743
6836
6765
6711
6460
6802
6896
7835
6530
6646
6483
6635
7153
6583
6537
6552
6584
6612
6736
6662
6729
7237
6614
6469
6821
6651
6512
6763
7358
6494
7071
6530
6582
7338
6916
7901
6690
6643
6548
6567
6605
6525
6579
6495
6493
6489
6492
7473
6783
7501
6602
6637
6846
7519
7210
6624
6632
6747
6502
6610
6834
6744
7565
6716
6975
6958
6742
6916
6593
6546
6531
6716
6794
6760
7254
7948
6522
6751
6573
6619
6649
6664
7350
6536
7448
6597
6559
6886
6621
6680
6832
6639
7913
6562
6585
6739
6551
6654
6893
7939
6722
6740
7952
6645
6676
6734
6604
6720
6725
6752
6753
6544
7190
7379
6549
6614
6550
6572
6681
7465
6728
6908
6703
6889
6869
7783
6570
6620
6820
6570
7111
7641
6671
6577
6630
7041
6590
6597
6848
6877
7382
7714
7938
7864
6595
6642
6698
6923
6699
7020
6778
7109
6630
6693
6587
6589
6661
6620
6682
6712
7031
7241
6732
6786
6638
7650
6689
6976
6995
6607
6675
6753
6835
6857
6689
6745
6962
6622
6847
6786
6740
6986
6881
6719
6842
7292
6819
6756
6710
6627
6627
6759
6700
6633
7150
6642
6870
6672
6802
7074
6694
6642
6735
6689
7008
7180
7182
6682
7065
6915
6742
6688
6729
6991
7058
6681
7040
6693
7072
7192
6694
6667
6718
6731
6718
6708
7120
6678
6712
7097
6737
7693
6751
7638
6762
6964
7262
6718
6835
6857
6888
6762
6684
6975
7029
6697
6761
6923
7015
6756
6696
6706
7366
6768
6940
6776
6761
7418
6759
7050
7157
7125
6941
7059
6726
6844
7012
6730
6949
6875
7163
7168
6791
6767
6940
6980
6938
7088
6903
6981
6813
6745
6922
6900
6811
6885
7328
6908
7147
6794
7322
6748
6791
6879
6895
6772
7004
6919
6921
6863
6910
6928
7636
7637
6791
6762
6755
7082
7061
7581
6918
6763
6829
7019
6776
6832
7020
6768
6940
7251
6766
6767
6807
6771
7405
6951
6780
6816
7422
7553
7403
7847
6876
6892
6817
7480
7003
7177
7318
7405
6992
6790
6862
7316
7350
6848
7495
6863
6803
6808
6926
6920
7041
6799
6800
6825
7171
7200
6805
6814
7135
6983
7085
7790
6815
6814
6815
7475
7377
6814
6962
7249
7243
7214
6926
6817
7443
6830
6820
7119
6992
6827
6948
6868
7345
7080
7662
7764
6878
7056
6937
6978
6925
7145
6841
6843
6839
6844
6840
6841
7192
6844
7012
7123
7181
7331
6866
6866
6957
7145
7494
7228
6867
6957
6860
7038
6898
7848
7512
7106
7938
6955
6988
7208
7230
6980
7398
7781
7026
6946
7100
6950
7129
7164
7174
6947
7240
7121
6887
7080
6961
7135
6939
7091
6904
7009
6931
7255
7081
7108
7849
6905
7467
6902
7258
7350
6949
6974
6993
6988
6907
6937
6912
6983
7025
7225
7105
7656
7105
7573
7762
7143
7481
6927
7249
7278
7126
7143
7587
7122
6934
7454
7548
7549
7060
7256
6944
7019
7161
7220
7034
7195
7320
7026
7060
6952
7234
6965
6996
7004
7035
6986
7212
7167
7199
7235
7298
7252
7337
6978
7036
7333
7414
7040
7271
6977
7023
7246
7498
7190
7014
7160
7552
7068
7052
7015
7126
7134
7074
7212
7272
7228
7399
7009
7044
6996
7098
7494
7495
7086
7376
7232
7025
7074
7423
7275
7058
7274
7113
7307
7332
7056
7280
7189
7017
7213
7115
7179
7095
7076
7062
7125
7232
7065
7286
7099
7156
7244
7100
7046
7247
7284
7359
7087
7172
7621
7030
7053
7275
7141
7171
7267
7067
7316
7063
7091
7186
7098
7185
7076
7331
7348
7239
7333
7215
7128
7217
7097
7287
7295
7045
7230
7178
7268
7268
7272
7115
7548
7178
7884
7234
7113
7334
7153
7061
7282
7354
7472
7187
7305
7245
7260
7207
7350
7201
7224
7582
7201
7306
7334
7347
7338
7079
7294
7309
7250
7321
7222
7152
7286
7262
7225
7088
7151
7308
7372
7161
7637
7295
7311
7313
7339
7343
7315
7146
7144
7242
7173
7326
7208
7375
7608
7771
7149
7848
7951
7551
7511
7239
7235
7149
7408
7236
7800
7250
7322
7859
7138
7215
7155
7282
7238
7378
7191
7343
7233
7300
7297
7313
7253
7311
7336
7315
7295
7309
7231
7351
7264
7376
7759
7191
7354
7200
7345
7252
7402
7165
7168
7170
7369
7269
7395
7169
7170
7358
7394
7326
7183
7347
7423
7466
7465
7501
7364
7180
7233
7284
7189
7301
7195
7337
7244
7197
7900
7599
7358
7206
7891
7889
7389
7377
7304
7307
7319
7414
7281
7221
7499
7289
7310
7620
7306
7265
7269
7290
7261
7312
7268
7289
7290
7340
7313
7474
7767
7352
7294
7295
7358
7274
7772
7402
7464
7374
7384
7414
7476
7348
7449
7285
7412
7416
7292
7333
7292
7329
7297
7378
7359
7305
7432
7327
7349
7401
7342
7849
7655
7424
7449
7354
7438
7691
7444
7367
7360
7455
7421
7349
7431
7392
7352
7401
7486
7588
7359
7430
7502
7351
7387
7426
7381
7418
7503
7424
7367
7441
7386
7396
7430
7458
7753
7383
7938
7714
7400
7404
7412
7390
7399
7436
7410
7412
7400
7422
7508
7416
7457
7496
7421
7564
7568
7443
7442
7777
7440
7437
7443
7502
7479
7457
7445
7447
7448
7883
7849
7950
7753
7548
7681
7761
7758
7493
7598
7485
7574
7860
7488
7489
7486
7487
7485
7487
7484
7486
7771
7485
7772
7780
7891
7492
7493
7529
7495
7498
7767
7766
7506
7512
7509
7842
7513
7512
7607
7516
7518
7520
7561
7660
7661
7524
7526
7528
7535
7531
7532
7534
7906
7945
7536
7540
7550
7704
7710
7543
7545
7660
7880
7551
7552
7553
7882
7555
7591
7557
7640
7559
7563
7568
7566
7567
7569
7574
7594
7576
7578
7580
7584
7584
7586
7588
7590
7593
7608
7596
7866
7600
7599
7603
7605
7684
7610
7612
7668
7669
7615
7616
7617
7858
7617
7857
7623
7885
7625
7690
7643
7683
7628
7631
7633
7669
7635
7709
7639
7638
7641
7643
7645
7647
7650
7652
7653
7663
7681
7705
7656
7658
7691
7705
7665
7666
7712
7671
7675
7677
7810
7760
7760
7683
7686
7688
7690
7693
7695
7697
7792
7699
7700
7701
7701
7703
7790
7707
7709
7790
7882
7712
7714
7718
7720
7722
7724
7726
7728
7730
7732
7734
7736
7737
7738
7738
7740
7742
7744
7745
7746
7746
7750
7751
7752
7752
7755
7757
7759
7761
7763
7768
7767
7770
7772
7776
7775
7778
7780
7782
7783
7785
7787
7789
7795
7801
7803
7802
7803
7805
7807
7922
7812
7814
7816
7818
7820
7823
7825
7827
7830
7831
7841
7836
7840
7839
7934
7841
7847
7844
7846
7856
7852
7854
7856
7858
7860
7862
7864
7866
7868
7871
7871
7921
7874
7877
7879
7881
7884
7886
7888
7890
7893
7895
7897
7899
7903
7905
7907
7909
7911
7913
7915
7917
7919
7923
7925
7927
7929
7931
7933
7935
7937
7940
7943
7945
7947
7949
7951
7953
7955
7957
)


// ************************************************************************* //
