/*--------------------------------*- C++ -*----------------------------------*\
  =========                 |
  \\      /  F ield         | OpenFOAM: The Open Source CFD Toolbox
   \\    /   O peration     | Website:  https://openfoam.org
    \\  /    A nd           | Version:  11
     \\/     M anipulation  |
\*---------------------------------------------------------------------------*/
FoamFile
{
    format      ascii;
    class       vectorField;
    location    "constant/region2/polyMesh";
    object      points;
}
// * * * * * * * * * * * * * * * * * * * * * * * * * * * * * * * * * * * * * //


2514
(
(174.585 280.965 131.635)
(175.148 281.054 131.384)
(174.551 281.203 131.36)
(173.984 281.016 131.737)
(173.739 281.187 131.455)
(173.482 281.041 131.713)
(173.3 281.099 131.414)
(173.271 280.953 131.507)
(174.93 280.801 131.259)
(174.077 280.814 131.544)
(173.566 280.895 131.68)
(176.513 280.949 130.727)
(177.138 281.054 130.423)
(176.493 281.221 130.46)
(175.805 281.002 131.033)
(175.422 281.273 130.787)
(174.621 281.37 130.649)
(173.95 281.316 130.794)
(173.374 281.178 130.856)
(173.207 280.967 130.973)
(176.895 280.772 130.28)
(175.741 280.726 130.651)
(174.77 280.63 130.643)
(174.093 280.682 130.926)
(173.496 280.803 131.24)
(183.629 281.932 129.634)
(184.138 282.026 129.353)
(183.558 282.185 129.336)
(182.974 281.947 129.705)
(182.699 282.164 129.473)
(182.399 281.967 129.698)
(182.161 282.05 129.498)
(182.071 281.883 129.586)
(184.013 281.737 129.262)
(183.238 281.706 129.558)
(182.289 281.562 129.456)
(179.568 280.96 129.651)
(180.207 281.129 129.42)
(179.516 281.252 129.378)
(178.783 280.976 129.805)
(178.459 281.251 129.587)
(177.846 281.006 130.078)
(177.414 281.285 129.827)
(176.581 281.398 129.676)
(175.786 281.408 129.86)
(174.867 281.423 129.917)
(174.049 281.381 129.931)
(173.442 281.227 129.996)
(173.217 280.987 130.14)
(180.014 280.796 129.317)
(179.001 280.7 129.524)
(177.859 280.667 129.697)
(176.781 280.554 129.607)
(175.923 280.579 129.81)
(174.946 280.575 129.929)
(174.092 280.618 130.096)
(173.473 280.764 130.463)
(184.603 281.953 129.009)
(185.098 282.031 128.52)
(184.468 282.236 128.637)
(183.622 282.359 128.616)
(182.906 282.306 128.818)
(182.176 282.138 128.966)
(181.666 281.783 129.207)
(184.865 281.707 128.502)
(184.11 281.521 128.781)
(183.302 281.367 128.929)
(182.413 281.128 128.969)
(181.729 281.049 129.081)
(180.564 281.5 128.802)
(181.065 281.203 129.257)
(179.601 281.449 128.635)
(178.787 281.413 128.811)
(177.809 281.419 128.911)
(176.839 281.448 128.931)
(175.908 281.469 128.936)
(174.98 281.461 128.973)
(174.113 281.401 128.991)
(173.471 281.244 129.033)
(173.231 280.997 129.18)
(181.986 280.784 128.46)
(180.906 280.718 128.771)
(179.947 280.514 128.729)
(179.297 280.517 129.022)
(178.364 280.375 128.895)
(177.102 280.366 128.853)
(175.992 280.466 128.919)
(175.012 280.526 129.007)
(174.127 280.598 129.166)
(173.476 280.754 129.53)
(185.568 281.949 128.084)
(186.089 282.032 127.546)
(185.452 282.245 127.698)
(184.591 282.394 127.677)
(183.836 282.414 127.863)
(182.996 282.377 127.95)
(182.212 282.214 128.101)
(181.48 281.917 128.367)
(185.843 281.701 127.546)
(185.067 281.502 127.856)
(184.266 281.308 128.053)
(183.401 281.064 128.176)
(182.796 280.994 128.494)
(180.711 281.701 127.677)
(179.83 281.532 127.859)
(178.903 281.488 127.914)
(177.946 281.48 127.964)
(176.959 281.484 127.983)
(175.975 281.488 127.987)
(175.015 281.474 127.992)
(174.136 281.408 128.003)
(173.482 281.247 128.043)
(173.235 281 128.187)
(182.859 280.743 127.66)
(181.92 280.548 127.716)
(181.278 280.522 128.046)
(180.367 280.338 127.952)
(179.247 280.257 128.288)
(178.425 280.09 128.169)
(177.685 280.098 128.289)
(176.95 280.137 128.135)
(176.077 280.323 127.937)
(176.656 280.071 127.464)
(175.036 280.482 128.03)
(174.141 280.586 128.184)
(173.483 280.752 128.546)
(178.027 279.863 127.575)
(177.299 279.95 127.782)
(186.572 281.952 127.106)
(187.124 282.047 126.585)
(186.446 282.253 126.727)
(185.584 282.4 126.689)
(184.814 282.435 126.872)
(183.928 282.453 126.935)
(183.053 282.399 127.008)
(182.237 282.241 127.131)
(181.49 281.983 127.366)
(186.866 281.698 126.593)
(186.065 281.499 126.88)
(185.255 281.299 127.078)
(184.385 281.051 127.206)
(183.763 280.969 127.576)
(180.742 281.745 126.646)
(179.895 281.579 126.864)
(178.96 281.513 126.958)
(177.984 281.499 126.986)
(176.992 281.497 126.996)
(175.999 281.495 126.998)
(175.027 281.477 126.999)
(174.141 281.409 127.006)
(173.484 281.248 127.045)
(173.236 281 127.188)
(183.819 280.737 126.69)
(182.866 280.536 126.766)
(182.229 280.475 127.1)
(181.31 280.285 127.114)
(180.398 280.074 127.121)
(179.601 280.016 127.424)
(178.827 279.969 127.684)
(175.867 280.28 126.828)
(176.614 280.044 126.578)
(175.014 280.45 127.015)
(174.141 280.576 127.185)
(173.485 280.75 127.548)
(179.893 279.8 126.496)
(178.79 279.758 126.91)
(177.92 279.722 126.833)
(177.285 279.851 127.12)
(188.513 281.924 125.752)
(189.044 282.022 125.411)
(188.461 282.204 125.467)
(187.8 281.978 126.12)
(187.403 282.28 125.861)
(186.576 282.408 125.726)
(185.809 282.441 125.881)
(184.909 282.472 125.932)
(183.985 282.468 125.979)
(183.077 282.406 126.027)
(182.247 282.247 126.14)
(181.498 281.998 126.361)
(188.903 281.736 125.287)
(187.849 281.635 125.785)
(187.049 281.476 125.988)
(186.248 281.292 126.125)
(185.377 281.05 126.212)
(184.75 280.967 126.581)
(180.748 281.751 125.64)
(179.908 281.589 125.858)
(178.975 281.521 125.962)
(177.994 281.503 125.993)
(176.999 281.5 125.999)
(176.004 281.496 126)
(175.029 281.478 126)
(174.142 281.409 126.007)
(173.485 281.248 126.045)
(173.237 281 126.188)
(184.781 280.739 125.666)
(183.769 280.543 125.744)
(183.153 280.481 126.124)
(182.235 280.28 126.157)
(181.372 280.051 126.209)
(180.771 279.979 126.535)
(175.917 280.291 125.726)
(176.719 280.06 125.803)
(174.988 280.446 125.978)
(174.135 280.572 126.179)
(173.484 280.749 126.548)
(180.745 279.77 125.629)
(179.733 279.633 125.643)
(178.955 279.645 125.974)
(178.205 279.672 126.263)
(177.392 279.815 126.214)
(189.44 281.958 125.037)
(189.759 282.051 124.487)
(189.245 282.216 124.778)
(188.546 282.377 124.665)
(187.774 282.407 124.867)
(186.834 282.448 124.933)
(185.907 282.478 124.943)
(184.966 282.487 124.975)
(184.008 282.475 124.996)
(183.086 282.409 125.035)
(182.251 282.248 125.142)
(181.5 282 125.361)
(189.595 281.747 124.53)
(189.037 281.539 124.755)
(188.322 281.37 124.86)
(187.185 281.258 125.32)
(186.372 281.038 125.285)
(185.744 280.964 125.6)
(180.748 281.752 124.639)
(179.909 281.59 124.857)
(178.978 281.522 124.962)
(177.996 281.503 124.994)
(177 281.5 124.999)
(176.004 281.496 125)
(175.03 281.478 125.001)
(174.143 281.409 125.007)
(173.485 281.248 125.045)
(173.236 281 125.188)
(185.778 280.737 124.707)
(184.751 280.564 124.669)
(183.958 280.473 124.923)
(183.011 280.313 125.227)
(182.212 280.073 125.199)
(181.668 279.979 125.587)
(176.527 280.205 124.905)
(177.373 279.97 124.616)
(177.199 279.947 125.404)
(175.68 280.394 124.73)
(174.963 280.469 124.958)
(174.13 280.575 125.171)
(173.483 280.749 125.547)
(181.534 279.799 124.73)
(180.65 279.62 124.65)
(179.886 279.587 124.869)
(178.982 279.609 125.059)
(178.03 279.731 125.402)
(189.686 282.282 123.697)
(190.154 281.995 123.801)
(188.795 282.409 123.885)
(187.895 282.465 123.93)
(186.949 282.482 123.973)
(185.971 282.492 123.986)
(184.99 282.494 123.992)
(184.018 282.477 124.003)
(183.089 282.409 124.037)
(182.252 282.248 124.143)
(181.5 282 124.361)
(190.114 281.667 123.581)
(189.185 281.346 123.98)
(188.359 281.09 124.089)
(187.57 281.016 124.416)
(186.765 280.943 124.724)
(180.748 281.752 123.639)
(179.91 281.59 123.857)
(178.978 281.522 123.962)
(177.997 281.503 123.994)
(177.001 281.5 124)
(176.004 281.496 124)
(175.03 281.478 124.001)
(174.143 281.409 124.007)
(173.485 281.248 124.045)
(173.237 281 124.188)
(187.845 280.799 123.485)
(186.707 280.712 123.88)
(185.767 280.568 123.757)
(185.011 280.502 123.903)
(184.122 280.393 123.991)
(183.255 280.244 124.18)
(182.424 280.021 124.387)
(176.75 280.191 123.875)
(177.495 279.965 123.686)
(175.873 280.364 123.916)
(174.967 280.479 123.985)
(174.129 280.579 124.171)
(173.483 280.75 124.546)
(181.763 279.751 123.666)
(180.848 279.603 123.842)
(179.934 279.552 123.942)
(179.039 279.596 124.1)
(178.181 279.741 124.353)
(190.639 281.928 123.147)
(191.112 282.022 122.554)
(190.498 282.243 122.735)
(189.648 282.407 122.69)
(188.893 282.448 122.904)
(187.96 282.482 122.972)
(186.984 282.495 122.989)
(185.994 282.498 122.997)
(185 282.496 122.999)
(184.021 282.478 123.006)
(183.09 282.409 123.038)
(182.252 282.248 123.143)
(181.5 282 123.361)
(190.883 281.67 122.544)
(189.907 281.339 122.959)
(189.214 281.085 123.12)
(188.688 281 123.51)
(180.748 281.752 122.64)
(179.911 281.59 122.858)
(178.981 281.522 122.963)
(178.002 281.502 122.995)
(177.006 281.497 123.001)
(176.009 281.494 123.001)
(175.032 281.476 123.002)
(174.143 281.409 123.007)
(173.485 281.248 123.045)
(173.238 280.999 123.188)
(188.594 280.799 122.683)
(187.697 280.621 122.621)
(186.919 280.576 122.869)
(185.985 280.503 123.005)
(185.244 280.443 123.182)
(184.386 280.29 123.005)
(183.46 280.158 123.27)
(182.63 279.966 123.453)
(176.952 280.126 123.132)
(177.46 279.925 122.794)
(176.106 280.238 122.846)
(175.044 280.425 123.01)
(174.144 280.568 123.177)
(173.485 280.748 123.546)
(181.975 279.698 122.615)
(180.945 279.581 122.859)
(179.975 279.537 122.973)
(179.024 279.579 123.087)
(178.194 279.731 123.346)
(191.572 281.942 122.09)
(192.088 282.03 121.541)
(191.456 282.244 121.706)
(190.593 282.398 121.691)
(189.826 282.439 121.876)
(188.925 282.478 121.934)
(187.98 282.492 121.981)
(186.995 282.498 121.996)
(185.999 282.499 121.999)
(185.003 282.496 122)
(184.022 282.478 122.006)
(183.09 282.409 122.038)
(182.252 282.248 122.143)
(181.5 282 122.361)
(191.831 281.698 121.537)
(191.1 281.487 121.831)
(190.414 281.262 121.951)
(189.509 281.012 122.33)
(180.749 281.752 121.64)
(179.914 281.59 121.86)
(178.991 281.519 121.97)
(178.024 281.496 122.005)
(177.037 281.485 122.01)
(176.039 281.478 122.011)
(175.051 281.463 122.011)
(174.151 281.403 122.014)
(173.487 281.248 122.048)
(173.24 280.997 122.186)
(188.939 280.718 121.555)
(187.902 280.585 121.835)
(187.003 280.509 121.966)
(186.115 280.432 122.063)
(185.126 280.302 122.24)
(184.278 280.09 122.108)
(183.586 279.999 122.42)
(182.886 279.906 122.72)
(176.827 280.057 122.46)
(177.204 279.866 122.082)
(176.341 280.049 122.174)
(175.83 280.092 122.089)
(175.1 280.271 122.029)
(175.487 280.03 121.654)
(174.18 280.518 122.168)
(173.493 280.739 122.545)
(183.697 279.836 121.548)
(182.711 279.716 121.854)
(181.734 279.581 121.682)
(180.953 279.548 121.875)
(179.988 279.522 121.972)
(178.997 279.547 122.044)
(177.976 279.687 122.21)
(176.124 279.889 121.604)
(192.553 281.949 121.087)
(193.076 282.032 120.539)
(192.449 282.245 120.702)
(191.585 282.399 120.686)
(190.812 282.439 120.873)
(189.907 282.476 120.931)
(188.966 282.49 120.973)
(187.989 282.497 120.99)
(186.998 282.499 120.998)
(186 282.5 121)
(185.003 282.496 121.001)
(184.022 282.478 121.006)
(183.09 282.41 121.038)
(182.252 282.248 121.143)
(181.5 282 121.361)
(192.775 281.708 120.526)
(191.992 281.511 120.87)
(191.226 281.302 121.056)
(190.406 281.043 121.172)
(189.831 280.945 121.556)
(180.752 281.751 120.643)
(179.923 281.587 120.868)
(179.013 281.513 120.987)
(178.084 281.482 121.048)
(177.146 281.452 121.047)
(176.164 281.419 121.045)
(175.148 281.398 121.059)
(174.197 281.364 121.053)
(173.497 281.243 121.08)
(173.235 281.005 121.197)
(189.765 280.752 120.632)
(188.739 280.589 120.622)
(187.957 280.537 120.873)
(187.044 280.467 121.041)
(186.313 280.405 121.263)
(185.447 280.226 121.104)
(184.553 280.017 121.352)
(176.708 279.914 121.887)
(175.004 280.136 121.332)
(174.262 280.449 121.037)
(174.9 280.166 120.802)
(173.506 280.726 121.527)
(183.919 279.736 120.543)
(182.899 279.62 120.827)
(181.908 279.555 120.911)
(180.947 279.52 120.932)
(179.989 279.509 120.979)
(178.998 279.517 121.014)
(177.988 279.575 121.094)
(176.905 279.724 121.277)
(176.126 279.766 121.068)
(175.525 279.92 121.05)
(193.542 281.953 120.082)
(194.068 282.035 119.538)
(193.444 282.246 119.703)
(192.584 282.399 119.686)
(191.811 282.439 119.872)
(190.906 282.476 119.93)
(189.963 282.49 119.973)
(188.986 282.497 119.989)
(187.996 282.499 119.997)
(186.999 282.5 119.999)
(186 282.5 120)
(185.003 282.496 120.001)
(184.022 282.478 120.006)
(183.09 282.409 120.038)
(182.252 282.248 120.143)
(181.501 282 120.361)
(193.772 281.726 119.502)
(192.871 281.495 119.701)
(192.026 281.338 120.128)
(191.241 281.076 120.176)
(190.684 280.979 120.57)
(180.758 281.749 119.649)
(179.941 281.581 119.884)
(179.064 281.498 120.03)
(178.163 281.445 120.107)
(177.387 281.411 120.256)
(176.489 281.291 120.05)
(175.457 281.229 120.237)
(174.362 281.189 120.186)
(173.542 281.202 120.234)
(173.221 281.034 120.306)
(190.582 280.79 119.72)
(189.664 280.611 119.644)
(188.883 280.558 119.838)
(187.964 280.501 119.926)
(187.048 280.429 120.042)
(186.092 280.289 120.272)
(185.274 280.059 120.183)
(184.777 279.954 120.58)
(174.689 280.453 120.181)
(175.602 280.184 119.666)
(175.304 280.059 120.414)
(173.829 280.715 120.054)
(173.438 280.779 120.542)
(184.568 279.791 119.71)
(183.691 279.608 119.627)
(182.935 279.56 119.855)
(181.973 279.525 119.954)
(180.983 279.509 119.981)
(179.993 279.503 119.992)
(179.003 279.506 120.007)
(178.016 279.533 120.053)
(177.041 279.623 120.184)
(176.072 279.804 120.408)
(194.522 281.956 119.087)
(194.995 282.032 118.571)
(194.409 282.242 118.725)
(193.579 282.398 118.69)
(192.81 282.439 118.873)
(191.906 282.476 118.93)
(190.963 282.49 118.973)
(189.986 282.497 118.989)
(188.996 282.499 118.997)
(187.999 282.5 118.999)
(187 282.5 119)
(186 282.5 119)
(185.003 282.496 119.001)
(184.022 282.478 119.006)
(183.091 282.409 119.038)
(182.252 282.248 119.143)
(181.502 281.999 119.363)
(194.711 281.738 118.515)
(193.871 281.529 118.714)
(193.255 281.456 119.056)
(192.459 281.231 119.029)
(191.536 281.008 119.374)
(180.763 281.744 118.657)
(179.975 281.569 118.923)
(179.123 281.464 119.085)
(178.354 281.406 119.292)
(177.376 281.251 119.211)
(176.483 281.027 119.225)
(175.872 281.01 119.581)
(175.117 280.809 119.74)
(174.124 280.884 119.809)
(173.572 281.076 119.693)
(173.543 280.92 119.608)
(173.244 281.055 119.736)
(190.943 280.717 118.561)
(189.884 280.589 118.829)
(188.938 280.525 118.919)
(188.013 280.486 118.982)
(187.094 280.412 119.037)
(186.223 280.257 119.167)
(185.414 280.023 119.37)
(176.089 280.557 118.797)
(176.031 280.035 118.854)
(173.313 280.9 119.793)
(184.715 279.761 118.652)
(183.844 279.6 118.832)
(182.933 279.53 118.912)
(181.985 279.51 118.972)
(180.996 279.503 118.994)
(180 279.502 119.001)
(179.01 279.505 119.014)
(178.039 279.525 119.052)
(177.122 279.599 119.169)
(176.317 279.784 119.409)
(195.353 281.962 118.114)
(195.611 282.053 117.535)
(195.183 282.218 117.867)
(194.529 282.387 117.727)
(193.8 282.436 117.881)
(192.904 282.475 117.931)
(191.963 282.49 117.973)
(190.986 282.497 117.989)
(189.996 282.499 117.997)
(188.999 282.5 117.999)
(188 282.5 118)
(187 282.5 118)
(186 282.5 118)
(185.004 282.496 118.001)
(184.022 282.478 118.006)
(183.091 282.409 118.038)
(182.252 282.248 118.143)
(181.502 281.998 118.363)
(195.406 281.777 117.557)
(194.791 281.547 117.723)
(194.207 281.472 118.082)
(193.322 281.262 118.132)
(192.441 281.03 118.194)
(191.849 280.939 118.573)
(180.765 281.736 117.659)
(179.973 281.541 117.952)
(179.266 281.437 118.267)
(178.295 281.259 118.232)
(177.414 281.024 118.25)
(176.83 280.917 118.621)
(173.299 280.995 119.512)
(191.8 280.744 117.626)
(190.743 280.591 117.62)
(189.944 280.55 117.86)
(188.99 280.509 117.971)
(188.064 280.475 118.04)
(187.173 280.401 118.067)
(186.315 280.239 118.149)
(185.516 280 118.373)
(176.932 280.663 117.714)
(176.321 280.322 117.774)
(176.173 280.066 118.084)
(184.801 279.744 117.639)
(183.91 279.591 117.855)
(182.966 279.524 117.954)
(181.99 279.505 117.986)
(180.998 279.501 117.998)
(180.002 279.502 118.005)
(179.014 279.509 118.029)
(178.073 279.529 118.096)
(177.196 279.6 118.206)
(176.465 279.768 118.467)
(195.432 282.254 116.898)
(195.732 282.012 116.796)
(194.748 282.402 116.938)
(193.892 282.469 116.944)
(192.961 282.489 116.975)
(191.986 282.497 116.989)
(190.996 282.499 116.997)
(189.999 282.5 116.999)
(189 282.5 117)
(188 282.5 117)
(187 282.5 117)
(186 282.5 117)
(185.004 282.496 117.001)
(184.022 282.478 117.006)
(183.091 282.409 117.038)
(182.253 282.248 117.144)
(181.505 281.997 117.364)
(195.605 281.713 116.558)
(195.103 281.523 117.048)
(194.27 281.281 117.137)
(193.39 281.043 117.218)
(192.764 280.96 117.577)
(180.783 281.73 116.66)
(179.984 281.51 116.934)
(179.057 281.31 117.271)
(178.239 281.062 117.224)
(177.712 280.955 117.62)
(192.763 280.753 116.64)
(191.702 280.6 116.632)
(190.888 280.559 116.834)
(189.947 280.519 116.915)
(189 280.493 116.989)
(188.065 280.45 117.08)
(187.333 280.397 117.272)
(186.484 280.213 117.093)
(185.634 279.977 117.388)
(177.633 280.743 116.799)
(177.052 280.508 116.893)
(176.644 280.269 116.948)
(176.314 280.069 117.372)
(184.943 279.714 116.562)
(183.952 279.579 116.849)
(182.983 279.521 116.961)
(181.996 279.504 116.993)
(181 279.501 117)
(180.004 279.503 117.008)
(179.017 279.516 117.042)
(178.072 279.552 117.161)
(177.344 279.604 117.416)
(176.616 279.791 117.478)
(195.507 282.249 115.95)
(195.808 281.985 115.857)
(194.835 282.409 115.981)
(193.949 282.476 115.987)
(192.984 282.495 115.992)
(191.996 282.499 115.997)
(190.999 282.5 115.999)
(190 282.5 116)
(189 282.5 116)
(188 282.5 116)
(187 282.5 116)
(186.001 282.5 116.001)
(185.006 282.496 116.002)
(184.025 282.477 116.008)
(183.094 282.409 116.039)
(182.255 282.247 116.145)
(181.512 281.996 116.369)
(195.73 281.691 115.681)
(195.133 281.349 116.039)
(194.349 281.059 116.204)
(193.739 280.967 116.583)
(180.825 281.725 115.692)
(180.078 281.495 115.931)
(179.26 281.268 116.138)
(178.449 281.009 116.393)
(193.726 280.762 115.647)
(192.691 280.602 115.635)
(191.877 280.561 115.837)
(190.932 280.524 115.912)
(189.976 280.507 115.965)
(189 280.484 115.996)
(188.043 280.424 116.062)
(187.088 280.288 116.275)
(186.275 280.057 116.184)
(185.794 279.945 116.585)
(177.881 280.673 115.707)
(177.169 280.365 116.079)
(176.899 280.003 116.127)
(176.585 279.954 116.824)
(185.562 279.791 115.716)
(184.692 279.605 115.631)
(183.943 279.552 115.86)
(182.988 279.515 115.963)
(181.998 279.503 115.994)
(181.001 279.501 116.002)
(180.01 279.504 116.015)
(179.034 279.522 116.054)
(178.089 279.582 116.191)
(177.181 279.718 116.58)
(195.53 282.235 114.963)
(195.843 281.925 114.88)
(194.856 282.408 114.992)
(193.967 282.478 114.998)
(192.993 282.496 114.998)
(191.999 282.5 114.999)
(191 282.5 115)
(190 282.5 115)
(189 282.5 115)
(188 282.5 115)
(187 282.5 115)
(186.002 282.499 115.002)
(185.012 282.495 115.008)
(184.04 282.476 115.016)
(183.112 282.407 115.043)
(182.27 282.245 115.148)
(181.524 281.991 115.379)
(195.683 281.472 114.836)
(195.16 281.116 115.108)
(194.653 280.994 115.562)
(180.85 281.697 114.728)
(180.242 281.5 115.108)
(179.47 281.236 115.054)
(178.648 280.966 115.4)
(194.557 280.802 114.705)
(193.655 280.614 114.644)
(192.868 280.564 114.839)
(191.93 280.525 114.913)
(190.973 280.51 114.965)
(189.99 280.501 114.987)
(189.002 280.485 114.998)
(188.028 280.422 115.022)
(187.149 280.268 115.158)
(186.379 280.031 115.381)
(178.143 280.629 114.619)
(177.458 280.34 114.981)
(177.175 280.039 115.208)
(185.664 279.785 114.678)
(184.835 279.608 114.836)
(183.932 279.53 114.912)
(182.987 279.509 114.973)
(181.999 279.502 114.996)
(181.002 279.502 115.005)
(180.014 279.509 115.029)
(179.071 279.529 115.096)
(178.183 279.598 115.216)
(177.408 279.756 115.54)
(195.554 282.208 113.941)
(195.951 281.806 113.752)
(194.862 282.404 113.99)
(193.97 282.477 113.999)
(192.996 282.496 114)
(192 282.5 114)
(191 282.5 114)
(190 282.5 114)
(189 282.5 114)
(188 282.5 114)
(187 282.5 114)
(186.002 282.498 114.003)
(185.016 282.491 114.016)
(184.076 282.471 114.055)
(183.18 282.4 114.072)
(182.334 282.235 114.153)
(181.57 281.979 114.39)
(195.888 281.345 113.877)
(195.398 281.059 114.292)
(180.963 281.657 113.721)
(180.099 281.352 114.148)
(179.326 281.054 114.176)
(178.841 280.928 114.596)
(194.917 280.738 113.535)
(193.878 280.593 113.824)
(192.926 280.53 113.911)
(191.972 280.511 113.965)
(190.989 280.503 113.987)
(189.999 280.5 113.998)
(189.009 280.49 114.005)
(188.027 280.442 114.008)
(187.017 280.278 114.017)
(186.363 280.036 114.419)
(178.727 280.727 113.769)
(178.127 280.496 113.869)
(177.703 280.266 113.965)
(177.348 280.069 114.431)
(185.664 279.831 113.762)
(184.885 279.632 113.863)
(183.962 279.533 113.951)
(182.99 279.506 113.985)
(181.999 279.501 113.998)
(181.004 279.503 114.008)
(180.017 279.516 114.042)
(179.072 279.552 114.161)
(178.342 279.604 114.419)
(177.612 279.789 114.502)
(195.593 282.205 112.907)
(196.057 281.92 112.679)
(194.87 282.4 112.983)
(193.971 282.477 112.998)
(192.996 282.496 113)
(192 282.5 113)
(191 282.5 113)
(190 282.5 113)
(189 282.5 113)
(188 282.5 113)
(187 282.5 113)
(186.003 282.497 113.002)
(185.016 282.484 113.017)
(184.072 282.448 113.087)
(183.338 282.396 113.277)
(182.508 282.211 113.109)
(181.715 281.961 113.431)
(196.242 281.388 112.817)
(195.717 281.035 113.47)
(181.299 281.652 112.763)
(180.451 281.284 112.947)
(179.572 281 113.37)
(195.761 280.804 112.524)
(194.737 280.602 112.604)
(193.94 280.554 112.854)
(192.974 280.518 112.955)
(191.989 280.504 112.986)
(190.998 280.501 112.997)
(190.003 280.498 113.003)
(189.018 280.49 113.016)
(188.075 280.461 113.05)
(187.17 280.36 113.044)
(186.347 280.158 113.017)
(186.212 280.054 113.646)
(185.761 279.938 113.113)
(179.06 280.645 112.609)
(178.215 280.355 113.068)
(177.912 280.001 113.129)
(177.598 279.954 113.836)
(185.001 279.713 112.811)
(183.985 279.554 112.941)
(182.996 279.509 112.989)
(182.001 279.502 113.001)
(181.01 279.504 113.015)
(180.034 279.522 113.054)
(179.089 279.582 113.191)
(178.183 279.717 113.583)
(195.659 282.209 111.9)
(196.338 281.836 111.743)
(194.883 282.4 111.977)
(193.973 282.476 111.997)
(192.996 282.496 112)
(192 282.5 112)
(191 282.5 112)
(190 282.5 112)
(189 282.5 112)
(188 282.5 112)
(187.001 282.5 112.001)
(186.005 282.496 112.002)
(185.021 282.479 112.013)
(184.064 282.419 112.071)
(183.111 282.281 112.29)
(182.34 282.046 112.244)
(181.905 281.933 112.665)
(196.628 281.054 112.14)
(197.107 281.079 111.594)
(196.856 281.378 111.799)
(181.816 281.744 111.971)
(181.094 281.331 111.914)
(180.391 281.047 112.139)
(179.858 280.936 112.562)
(196.671 280.774 111.471)
(195.688 280.61 111.596)
(194.884 280.567 111.82)
(193.944 280.523 111.911)
(192.987 280.508 111.972)
(191.997 280.502 111.994)
(191.001 280.5 112.001)
(190.011 280.496 112.009)
(189.033 280.483 112.027)
(188.09 280.444 112.089)
(187.345 280.385 112.268)
(186.507 280.191 112.073)
(185.709 279.946 112.36)
(179.825 280.726 111.664)
(179 280.48 111.691)
(178.467 280.308 111.99)
(178.182 280.033 112.21)
(184.988 279.704 111.587)
(183.996 279.569 111.892)
(182.999 279.515 111.98)
(182.002 279.504 112.003)
(181.014 279.509 112.029)
(180.071 279.529 112.096)
(179.183 279.598 112.216)
(178.41 279.755 112.541)
(195.716 282.216 110.884)
(196.417 281.951 110.624)
(194.897 282.401 110.973)
(193.975 282.476 110.996)
(192.996 282.496 111)
(192 282.5 111)
(191 282.5 111)
(190 282.5 111)
(189 282.5 111)
(188.001 282.5 111.001)
(187.004 282.499 111.003)
(186.015 282.495 111.009)
(185.042 282.475 111.017)
(184.107 282.406 111.052)
(183.239 282.241 111.188)
(182.469 281.977 111.459)
(197.409 280.985 111.117)
(197.756 281.081 110.53)
(197.372 281.308 110.958)
(196.881 281.635 111.121)
(181.798 281.524 110.966)
(181.135 281.126 111.081)
(180.645 280.986 111.525)
(197.447 280.793 110.499)
(196.635 280.615 110.591)
(195.862 280.565 110.814)
(194.93 280.526 110.907)
(193.975 280.51 110.964)
(192.992 280.503 110.987)
(191.999 280.5 110.998)
(191.004 280.498 111.003)
(190.019 280.491 111.018)
(189.073 280.473 111.06)
(188.147 280.411 111.1)
(187.161 280.274 111.274)
(186.324 280.046 111.187)
(185.825 279.934 111.584)
(180.535 280.795 110.715)
(179.76 280.552 110.73)
(179.254 280.464 111.07)
(178.703 280.233 111.018)
(178.348 280.059 111.442)
(185.629 279.777 110.712)
(184.715 279.6 110.635)
(183.957 279.55 110.871)
(182.998 279.516 110.973)
(182.004 279.507 111.005)
(181.015 279.518 111.043)
(180.071 279.553 111.162)
(179.342 279.604 111.42)
(178.612 279.788 111.504)
(195.736 282.238 109.859)
(196.463 281.98 109.62)
(194.906 282.405 109.967)
(193.977 282.477 109.995)
(192.996 282.496 110)
(192 282.5 110)
(191 282.5 110)
(190 282.5 110)
(189 282.5 110)
(188.002 282.499 110.002)
(187.01 282.497 110.01)
(186.034 282.49 110.025)
(185.096 282.468 110.057)
(184.197 282.395 110.072)
(183.344 282.218 110.163)
(182.576 281.918 110.45)
(197.763 281.363 109.827)
(198.105 281.017 109.791)
(197.063 281.659 110.268)
(182.033 281.499 109.82)
(181.33 281.103 110.249)
(197.857 280.719 109.406)
(196.86 280.591 109.784)
(195.923 280.53 109.902)
(194.971 280.511 109.963)
(193.989 280.503 109.986)
(192.997 280.501 109.996)
(192.001 280.499 110.001)
(191.01 280.496 110.009)
(190.033 280.483 110.027)
(189.088 280.446 110.092)
(188.336 280.397 110.282)
(187.462 280.22 110.116)
(186.549 279.999 110.395)
(180.752 280.749 109.653)
(179.965 280.516 109.909)
(179.231 280.303 110.163)
(178.91 279.992 110.162)
(178.597 279.948 110.849)
(185.913 279.722 109.572)
(184.891 279.589 109.829)
(183.952 279.53 109.923)
(183.006 279.516 109.991)
(182.018 279.519 110.019)
(181.028 279.536 110.062)
(180.08 279.589 110.203)
(179.179 279.718 110.592)
(195.744 282.246 108.855)
(196.481 281.992 108.622)
(194.908 282.408 108.963)
(193.978 282.477 108.994)
(192.996 282.496 108.999)
(192 282.5 109)
(191 282.5 109)
(190 282.5 109)
(189.001 282.5 109.001)
(188.004 282.498 109.004)
(187.018 282.492 109.019)
(186.069 282.478 109.067)
(185.158 282.438 109.117)
(184.405 282.385 109.269)
(183.578 282.188 109.103)
(182.75 281.892 109.439)
(198.57 280.948 109.108)
(199.081 281.039 108.544)
(198.509 281.269 108.772)
(197.753 281.513 108.857)
(197.147 281.7 109.268)
(182.315 281.47 108.716)
(181.504 281.069 109.248)
(198.728 280.747 108.447)
(197.726 280.592 108.576)
(196.932 280.552 108.835)
(195.972 280.517 108.95)
(194.989 280.504 108.985)
(193.997 280.501 108.996)
(192.999 280.5 108.999)
(192.002 280.498 109.002)
(191.015 280.492 109.017)
(190.07 280.473 109.06)
(189.145 280.411 109.1)
(188.156 280.278 109.28)
(187.314 280.052 109.194)
(186.787 279.948 109.592)
(180.961 280.688 108.724)
(180.175 280.462 109.001)
(179.489 280.272 109.18)
(179.169 280.03 109.311)
(186.618 279.78 108.713)
(185.706 279.604 108.636)
(184.944 279.557 108.872)
(184.003 279.527 108.988)
(183.058 279.527 109.057)
(182.091 279.555 109.082)
(181.082 279.59 109.123)
(180.143 279.638 109.271)
(179.386 279.766 109.597)
(195.746 282.247 107.855)
(196.489 281.997 107.63)
(194.909 282.409 107.962)
(193.978 282.478 107.994)
(192.997 282.496 107.999)
(192 282.5 108)
(191 282.5 108)
(190 282.5 108)
(189.002 282.499 108.002)
(188.011 282.496 108.009)
(187.032 282.483 108.028)
(186.082 282.448 108.1)
(185.31 282.408 108.312)
(184.352 282.247 108.234)
(183.522 282.011 108.259)
(182.998 281.872 108.641)
(199.54 280.965 108.082)
(200.107 281.06 107.579)
(199.45 281.259 107.738)
(198.617 281.427 107.74)
(197.917 281.533 108.023)
(197.179 281.732 108.298)
(183.116 281.667 107.846)
(182.409 281.228 107.775)
(181.704 280.987 108.33)
(199.741 280.755 107.496)
(198.696 280.6 107.591)
(197.881 280.559 107.809)
(196.943 280.522 107.907)
(195.986 280.508 107.971)
(194.997 280.502 107.994)
(193.999 280.5 107.999)
(193 280.5 108)
(192.003 280.497 108.002)
(191.015 280.485 108.017)
(190.069 280.448 108.087)
(189.325 280.399 108.282)
(188.45 280.221 108.115)
(187.545 280 108.396)
(181.365 280.583 107.918)
(180.553 280.342 108.254)
(179.784 280.192 108.481)
(179.357 280.056 108.674)
(186.905 279.724 107.574)
(185.894 279.592 107.838)
(184.966 279.537 107.948)
(184.057 279.534 108.062)
(183.128 279.566 108.156)
(182.316 279.6 108.327)
(181.3 279.738 108.231)
(180.234 279.758 108.512)
(179.519 279.836 108.795)
(195.747 282.248 106.856)
(196.496 281.999 106.636)
(194.909 282.409 106.962)
(193.978 282.478 106.994)
(192.997 282.496 106.999)
(192 282.5 107)
(191 282.5 107)
(190.001 282.5 107.001)
(189.004 282.498 107.004)
(188.019 282.491 107.018)
(187.073 282.472 107.061)
(186.145 282.41 107.108)
(185.141 282.279 107.321)
(184.327 282.054 107.293)
(183.808 281.956 107.684)
(202.501 280.938 106.635)
(203.024 281.023 106.378)
(202.453 281.197 106.382)
(201.745 280.975 106.815)
(201.445 281.245 106.602)
(200.806 281.008 107.139)
(200.402 281.291 106.888)
(199.579 281.414 106.739)
(198.832 281.464 106.92)
(197.998 281.567 107.076)
(197.218 281.742 107.335)
(183.838 281.744 107.026)
(183.146 281.302 106.959)
(182.459 280.974 107.206)
(181.961 280.868 107.643)
(202.831 280.757 106.228)
(201.887 280.718 106.502)
(200.767 280.701 106.747)
(199.718 280.576 106.664)
(198.884 280.554 106.827)
(197.933 280.523 106.907)
(196.975 280.509 106.963)
(195.992 280.503 106.987)
(194.999 280.5 106.998)
(194.002 280.499 107.001)
(193.003 280.499 107)
(192.005 280.496 107)
(191.018 280.479 107.011)
(190.059 280.421 107.069)
(189.094 280.287 107.278)
(188.273 280.058 107.186)
(187.773 279.95 107.591)
(182.13 280.511 107.08)
(181.325 280.129 107.665)
(181.979 280.099 107.139)
(180.349 280.004 108.125)
(179.686 279.956 108.351)
(187.565 279.79 106.715)
(186.691 279.608 106.64)
(185.945 279.563 106.887)
(185.034 279.54 107.045)
(184.119 279.567 107.163)
(183.32 279.608 107.382)
(182.312 279.785 107.422)
(195.748 282.248 105.857)
(196.499 282 105.638)
(194.909 282.409 105.962)
(193.978 282.478 105.994)
(192.997 282.496 105.999)
(192 282.5 106)
(191 282.5 106)
(190.002 282.499 106.002)
(189.011 282.496 106.009)
(188.033 282.482 106.027)
(187.089 282.444 106.093)
(186.338 282.393 106.287)
(185.471 282.2 106.152)
(184.599 281.958 106.537)
(203.395 280.946 106.028)
(203.665 280.995 105.48)
(203.203 281.2 105.786)
(202.535 281.371 105.652)
(201.774 281.397 105.818)
(200.807 281.419 105.92)
(199.841 281.454 105.95)
(198.929 281.501 105.983)
(198.053 281.581 106.118)
(197.238 281.749 106.35)
(184.074 281.494 106.103)
(183.408 281.046 106.234)
(182.825 280.879 106.679)
(203.474 280.7 105.545)
(202.814 280.521 105.652)
(202.058 280.507 105.853)
(201.07 280.493 105.957)
(200.011 280.476 105.951)
(198.977 280.478 105.932)
(197.984 280.497 105.967)
(196.992 280.501 105.987)
(196 280.5 105.997)
(195.005 280.498 106.002)
(194.012 280.496 106.007)
(193.02 280.493 106.007)
(192.021 280.488 105.999)
(191.029 280.473 106.003)
(190.083 280.41 106.044)
(189.212 280.258 106.168)
(188.408 280.024 106.37)
(183.108 280.516 106.064)
(182.548 280.096 106.652)
(183.019 280.084 106.133)
(187.704 279.763 105.654)
(186.851 279.604 105.847)
(185.959 279.547 105.96)
(185.058 279.562 106.126)
(184.283 279.599 106.393)
(183.317 279.777 106.454)
(195.748 282.248 104.857)
(196.5 282 104.639)
(194.91 282.41 104.962)
(193.978 282.478 104.994)
(192.997 282.496 104.999)
(192 282.5 105)
(191.001 282.5 105.001)
(190.004 282.498 105.004)
(189.019 282.491 105.018)
(188.073 282.472 105.06)
(187.149 282.408 105.104)
(186.168 282.259 105.298)
(185.35 281.974 105.271)
(184.84 281.847 105.747)
(203.48 281.208 104.847)
(203.956 280.791 104.631)
(202.756 281.392 104.915)
(201.89 281.461 104.928)
(200.945 281.477 104.968)
(199.962 281.488 104.992)
(198.994 281.514 105.026)
(198.077 281.588 105.135)
(197.248 281.751 105.357)
(184.75 281.477 105.003)
(183.925 281.01 105.514)
(184.302 281.002 104.924)
(203.688 280.514 104.973)
(203.172 280.373 105.076)
(202.295 280.292 105.152)
(201.338 280.275 105.202)
(200.319 280.281 105.183)
(199.152 280.318 104.975)
(198.035 280.438 104.99)
(197.01 280.486 105.001)
(196.014 280.495 105.008)
(195.027 280.491 105.014)
(194.043 280.483 105.024)
(193.078 280.475 105.05)
(192.097 280.458 105.014)
(191.077 280.443 104.981)
(190.104 280.398 105.034)
(189.248 280.248 105.147)
(188.481 280.005 105.367)
(183.95 280.524 104.917)
(183.495 280.077 105.605)
(183.965 280.024 104.893)
(187.746 279.755 104.649)
(186.912 279.602 104.884)
(186.03 279.552 105.046)
(185.13 279.596 105.185)
(184.171 279.735 105.507)
(195.748 282.248 103.857)
(196.5 282 103.639)
(194.91 282.41 103.962)
(193.978 282.478 103.994)
(192.997 282.496 103.999)
(192 282.5 104)
(191.002 282.499 104.002)
(190.011 282.496 104.009)
(189.033 282.482 104.026)
(188.09 282.443 104.092)
(187.339 282.392 104.286)
(186.482 282.192 104.141)
(185.627 281.903 104.501)
(203.626 281.203 103.855)
(204.295 280.914 103.536)
(202.854 281.398 103.96)
(201.95 281.474 103.983)
(200.983 281.494 103.99)
(199.995 281.5 104.003)
(199.017 281.52 104.036)
(198.088 281.59 104.142)
(197.251 281.752 104.36)
(185.272 281.465 103.966)
(184.61 281 104.345)
(204.568 280.04 103.813)
(205.193 280.122 103.513)
(204.686 280.445 103.788)
(203.764 280.204 104.33)
(202.647 280.052 104.455)
(201.639 280.014 104.487)
(200.657 280.021 104.496)
(199.723 280.063 104.447)
(198.966 280.122 104.192)
(198.091 280.308 103.967)
(198.647 280.058 103.502)
(197.041 280.447 104.013)
(196.047 280.476 104.026)
(195.088 280.472 104.061)
(194.14 280.446 104.066)
(193.168 280.414 104.104)
(192.33 280.407 104.25)
(191.276 280.319 103.85)
(190.158 280.346 104.019)
(189.273 280.233 104.15)
(188.505 279.998 104.366)
(184.493 280.535 103.904)
(184.2 280.164 104.303)
(204.915 279.807 103.282)
(203.894 279.795 103.565)
(202.894 279.792 103.708)
(201.869 279.766 103.746)
(200.883 279.774 103.773)
(199.978 279.829 103.827)
(199.298 279.934 103.874)
(187.77 279.753 103.658)
(186.939 279.608 103.905)
(186.061 279.578 104.114)
(185.33 279.612 104.387)
(184.553 279.808 104.411)
(195.748 282.248 102.857)
(196.5 282 102.639)
(194.91 282.41 102.962)
(193.978 282.478 102.994)
(192.997 282.496 103)
(192.001 282.499 103.001)
(191.005 282.498 103.004)
(190.019 282.49 103.017)
(189.074 282.47 103.058)
(188.151 282.402 103.098)
(187.171 282.253 103.293)
(186.363 281.969 103.261)
(185.885 281.835 103.712)
(203.708 281.232 102.844)
(204.413 280.98 102.591)
(202.892 281.403 102.962)
(201.971 281.476 102.993)
(200.994 281.496 102.999)
(200.002 281.503 103.006)
(199.022 281.522 103.038)
(198.09 281.59 103.143)
(197.252 281.752 103.361)
(185.792 281.469 102.984)
(185.053 281 103.484)
(185.344 280.999 102.912)
(209.319 279.95 102.619)
(209.619 280.049 102.319)
(209.197 280.163 102.461)
(208.696 279.975 102.731)
(208.399 280.225 102.509)
(207.788 279.993 102.776)
(207.446 280.249 102.546)
(206.793 280.002 102.862)
(206.475 280.281 102.666)
(205.858 280.039 103.12)
(205.515 280.393 102.997)
(204.869 280.689 103.094)
(197.862 280.243 102.892)
(198.534 280 102.625)
(197.063 280.395 103.049)
(196.139 280.431 103.069)
(195.175 280.409 103.114)
(194.368 280.397 103.298)
(193.427 280.28 103.086)
(192.279 280.236 103.344)
(191.499 280.114 103.114)
(190.93 280.118 103.043)
(190.2 280.205 103.03)
(190.56 280.004 102.478)
(189.328 280.183 103.195)
(188.541 279.986 103.388)
(185.025 280.526 102.896)
(184.625 280.097 103.603)
(185.002 280.028 102.889)
(209.463 279.834 102.197)
(208.803 279.758 102.432)
(207.921 279.748 102.508)
(206.92 279.746 102.558)
(205.781 279.73 102.713)
(204.741 279.609 102.609)
(203.942 279.606 102.782)
(202.971 279.601 102.874)
(201.971 279.599 102.908)
(200.98 279.612 102.938)
(200.052 279.675 103.03)
(199.265 279.826 103.218)
(191.245 279.934 102.553)
(187.831 279.745 102.684)
(186.991 279.616 102.951)
(186.127 279.615 103.16)
(185.22 279.744 103.499)
(195.748 282.248 101.857)
(196.5 282 101.639)
(194.91 282.409 101.962)
(193.978 282.478 101.994)
(192.997 282.496 102)
(192.004 282.499 102.003)
(191.014 282.496 102.01)
(190.037 282.48 102.024)
(189.097 282.436 102.081)
(188.346 282.379 102.269)
(187.488 282.155 102.108)
(186.633 281.886 102.498)
(203.736 281.245 101.851)
(204.474 280.994 101.63)
(202.905 281.408 101.961)
(201.976 281.477 101.994)
(200.996 281.497 102)
(200.003 281.503 102.006)
(199.022 281.522 102.038)
(198.09 281.59 102.143)
(197.252 281.752 102.361)
(186.276 281.43 101.994)
(185.636 280.992 102.347)
(209.432 280.24 101.802)
(209.734 280.017 101.693)
(208.718 280.359 101.846)
(207.8 280.403 101.866)
(206.833 280.433 101.918)
(205.905 280.515 102.072)
(205.1 280.709 102.307)
(197.843 280.172 101.989)
(198.454 279.942 101.721)
(197.081 280.315 102.132)
(196.352 280.371 102.31)
(195.426 280.273 102.097)
(194.288 280.22 102.382)
(193.409 280.053 102.214)
(192.617 280.013 102.455)
(191.884 279.993 102.682)
(189.986 280.06 102.285)
(190.193 279.895 101.888)
(189.416 280.08 102.371)
(188.652 279.946 102.478)
(185.536 280.529 101.894)
(185.224 280.164 102.296)
(209.522 279.752 101.404)
(208.852 279.633 101.72)
(207.961 279.596 101.832)
(206.98 279.589 101.864)
(205.955 279.581 101.895)
(204.925 279.554 101.904)
(203.949 279.53 101.916)
(202.987 279.525 101.956)
(201.995 279.525 101.975)
(201 279.537 101.995)
(200.035 279.598 102.072)
(199.21 279.755 102.305)
(192.891 279.787 101.544)
(191.782 279.777 101.878)
(190.8 279.787 101.843)
(188.013 279.706 101.678)
(187.046 279.632 102.011)
(186.322 279.631 102.351)
(185.564 279.812 102.402)
(195.748 282.248 100.857)
(196.5 282 100.639)
(194.91 282.409 100.962)
(193.978 282.478 100.994)
(192.999 282.496 101.001)
(192.01 282.497 101.01)
(191.033 282.489 101.025)
(190.092 282.467 101.059)
(189.175 282.393 101.081)
(188.207 282.209 101.222)
(187.359 281.804 101.077)
(186.879 281.768 101.71)
(203.745 281.248 100.856)
(204.495 280.999 100.638)
(202.909 281.409 100.962)
(201.978 281.478 100.994)
(200.997 281.497 101)
(200.003 281.503 101.006)
(199.022 281.522 101.038)
(198.09 281.59 101.143)
(197.252 281.752 101.361)
(186.703 281.337 101.151)
(186.087 280.967 101.519)
(186.4 280.953 101.016)
(209.509 280.24 100.918)
(209.799 279.955 100.774)
(208.831 280.401 100.96)
(207.935 280.465 100.975)
(206.975 280.498 101.011)
(206.046 280.57 101.123)
(205.212 280.738 101.349)
(197.874 280.064 101.306)
(198.192 279.877 100.969)
(197.211 280.161 101.315)
(196.261 280.193 101.439)
(195.407 280.048 101.228)
(194.604 280 101.455)
(193.807 279.949 101.687)
(189.552 279.904 101.71)
(188.886 279.879 101.808)
(186.154 280.515 100.832)
(185.659 280.095 101.587)
(186.037 280.017 100.873)
(209.595 279.652 100.502)
(208.895 279.549 100.817)
(207.978 279.522 100.938)
(206.995 279.521 100.967)
(205.993 279.52 100.975)
(204.986 279.516 100.98)
(203.985 279.509 100.982)
(202.993 279.505 100.988)
(201.998 279.504 100.995)
(201 279.51 101.003)
(200.004 279.548 101.038)
(198.989 279.691 101.162)
(194.885 279.778 100.551)
(193.721 279.723 100.845)
(192.719 279.605 100.666)
(191.91 279.604 100.866)
(190.928 279.62 100.968)
(189.923 279.697 101.074)
(188.769 279.691 101.016)
(187.834 279.612 100.815)
(187.11 279.638 101.077)
(186.224 279.752 101.473)
(195.748 282.248 99.857)
(196.5 282 99.6394)
(194.91 282.409 99.9622)
(193.979 282.478 99.9945)
(193.001 282.494 100.003)
(192.018 282.491 100.018)
(191.071 282.475 100.063)
(190.16 282.43 100.11)
(189.405 282.371 100.258)
(188.594 282.145 100.057)
(187.807 281.782 100.234)
(203.748 281.248 99.8569)
(204.499 281 99.6392)
(202.909 281.409 99.962)
(201.978 281.478 99.9936)
(200.997 281.497 100)
(200.003 281.503 100.006)
(199.022 281.522 100.038)
(198.09 281.59 100.143)
(197.252 281.752 100.361)
(187.178 281.328 100.381)
(186.669 280.98 100.646)
(209.559 280.2 99.9181)
(209.991 279.771 99.6827)
(208.86 280.402 99.9835)
(207.969 280.479 100.001)
(207.011 280.516 100.034)
(206.083 280.587 100.14)
(205.245 280.749 100.359)
(197.492 279.934 100.664)
(196.595 279.958 100.623)
(195.808 279.939 100.732)
(186.884 280.808 100.01)
(186.577 280.329 99.8501)
(186.246 280.103 100.304)
(209.695 279.51 99.9218)
(209.04 279.389 99.8884)
(208.012 279.439 99.987)
(207.004 279.483 100)
(206 279.5 99.9977)
(204.999 279.503 99.9972)
(203.998 279.502 99.9974)
(202.998 279.501 99.998)
(201.999 279.5 99.999)
(201 279.502 100.001)
(200.001 279.513 100.01)
(198.999 279.564 100.042)
(197.956 279.687 100.087)
(196.826 279.724 99.8655)
(195.719 279.71 99.9177)
(194.718 279.601 99.6763)
(193.901 279.588 99.8556)
(192.91 279.554 99.9128)
(191.944 279.53 99.9311)
(190.985 279.532 99.9873)
(190.005 279.558 100.041)
(189.02 279.588 100.094)
(188.061 279.61 100.131)
(187.315 279.637 100.322)
(186.572 279.8 100.407)
(195.748 282.248 98.857)
(196.5 282 98.6394)
(194.91 282.409 98.9623)
(193.98 282.477 98.9956)
(193.007 282.492 99.0082)
(192.033 282.48 99.0241)
(191.088 282.436 99.0852)
(190.317 282.389 99.2911)
(189.369 282.186 99.1866)
(188.591 281.934 99.2202)
(188.129 281.762 99.5285)
(203.748 281.248 98.857)
(204.5 281 98.6394)
(202.91 281.409 98.962)
(201.978 281.478 98.9936)
(200.997 281.497 99)
(200.003 281.503 99.0063)
(199.022 281.522 99.038)
(198.09 281.59 99.143)
(197.252 281.752 99.3606)
(188.299 281.535 98.8905)
(187.634 281.254 99.4816)
(209.638 280.158 98.9)
(210.297 279.797 98.6259)
(208.878 280.385 98.9848)
(207.976 280.477 99.0051)
(207.018 280.518 99.0377)
(206.09 280.59 99.1427)
(205.251 280.752 99.3604)
(187.323 280.566 99.0952)
(186.954 280.124 99.3149)
(186.594 279.995 99.8012)
(213.268 278.963 98.9251)
(213.478 278.998 98.9363)
(213.256 279.029 98.9416)
(212.724 278.966 98.8892)
(212.635 279.085 98.8149)
(211.849 278.991 98.8572)
(211.603 279.206 98.7583)
(210.865 279.068 98.9419)
(210.682 279.428 98.9801)
(209.827 279.235 99.3151)
(208.894 279.132 99.1898)
(208.041 279.243 99.0682)
(208.4 279.004 98.7039)
(207.02 279.404 99.0377)
(206.006 279.477 99.0099)
(205.001 279.497 99.0013)
(204 279.5 98.9999)
(203 279.5 98.9998)
(202 279.5 98.9999)
(201 279.5 99.0001)
(200 279.502 99.0014)
(199.001 279.513 99.0073)
(197.998 279.544 99.0154)
(196.973 279.573 98.9866)
(195.933 279.576 98.9585)
(194.914 279.551 98.934)
(193.944 279.526 98.9329)
(192.983 279.516 98.9743)
(191.997 279.507 98.9884)
(191.009 279.506 99.0048)
(190.052 279.521 99.072)
(189.117 279.567 99.1709)
(188.309 279.617 99.3872)
(187.352 279.784 99.4786)
(213.287 278.966 98.8456)
(212.704 278.912 98.688)
(211.891 278.851 98.6062)
(210.943 278.822 98.5676)
(209.971 278.84 98.6312)
(209.059 278.9 98.6856)
(195.748 282.248 97.8572)
(196.5 282 97.6394)
(194.911 282.409 97.963)
(193.983 282.476 97.9973)
(193.016 282.487 98.0157)
(192.075 282.468 98.0543)
(191.158 282.389 98.0769)
(190.179 282.198 98.2224)
(189.338 281.758 98.048)
(188.839 281.793 98.6527)
(203.748 281.248 97.8571)
(204.5 281 97.6396)
(202.91 281.409 97.9621)
(201.978 281.478 97.9937)
(200.997 281.497 98)
(200.003 281.503 98.0063)
(199.022 281.522 98.0378)
(198.09 281.59 98.1429)
(197.252 281.752 98.3606)
(188.7 281.305 98.1245)
(188.057 281.016 98.5836)
(188.393 280.927 98.0793)
(209.682 280.066 97.979)
(210.237 279.666 97.7977)
(208.902 280.326 98.0105)
(207.982 280.458 98.0137)
(207.019 280.515 98.0396)
(206.09 280.59 98.1431)
(205.252 280.752 98.3606)
(188.113 280.472 98.0809)
(187.571 280.097 98.6875)
(188.013 280.055 98.1381)
(213.275 279.031 98.8621)
(212.835 279.02 98.6706)
(212.1 279.144 98.4748)
(212.311 278.989 98.4066)
(211.092 279.341 98.2585)
(207.817 279.05 98.3633)
(207.039 279.227 98.1089)
(207.448 278.99 97.8208)
(206.019 279.414 98.0295)
(205.004 279.484 98.0062)
(204.001 279.498 98.0008)
(203 279.5 98)
(202 279.5 98)
(201 279.5 98)
(200 279.5 98.0001)
(199 279.501 98.0009)
(198.001 279.507 98.0024)
(197 279.514 98.0002)
(195.994 279.518 97.9943)
(194.989 279.513 97.9905)
(193.998 279.504 97.9956)
(193.023 279.495 98.0141)
(192.062 279.49 98.0409)
(191.056 279.494 98.012)
(190.049 279.509 98.0594)
(189.262 279.554 98.343)
(188.302 279.743 98.4339)
(211.844 278.897 98.2739)
(210.906 278.841 97.9865)
(209.954 278.711 97.8974)
(209.037 278.697 97.9173)
(208.168 278.832 97.9938)
(195.749 282.247 96.8584)
(196.499 281.999 96.6397)
(194.914 282.408 96.9655)
(193.992 282.473 97.0036)
(193.034 282.477 97.0232)
(192.099 282.433 97.0764)
(191.356 282.369 97.2499)
(190.546 282.1 97.0037)
(189.813 281.684 97.1533)
(203.752 281.245 96.8592)
(204.502 280.997 96.6422)
(202.912 281.408 96.9629)
(201.979 281.477 96.9941)
(200.997 281.496 97.0002)
(200.003 281.503 97.006)
(199.021 281.522 97.0368)
(198.089 281.59 97.1419)
(197.251 281.752 97.3602)
(189.216 281.031 97.2179)
(188.662 280.833 97.6878)
(209.669 279.868 97.3422)
(208.945 280.127 97.0838)
(209.305 279.712 96.7276)
(207.997 280.379 97.0433)
(207.023 280.495 97.0469)
(206.09 280.586 97.1436)
(205.252 280.751 97.3606)
(188.798 280.284 97.1515)
(188.429 279.966 97.5954)
(188.728 279.705 96.7888)
(211.751 279.072 98.1946)
(211.236 279.033 97.9785)
(210.471 279.175 97.5458)
(209.881 279.473 97.1137)
(206.898 279.076 97.3601)
(206.054 279.292 97.0076)
(206.644 279.038 96.5835)
(205.008 279.451 97.008)
(204.001 279.493 97.002)
(203 279.499 97.0002)
(202 279.5 97)
(201 279.5 97)
(200 279.5 97.0001)
(199 279.5 97.0003)
(198.001 279.5 97.0012)
(197.004 279.501 97.0033)
(196.012 279.5 97.0079)
(195.026 279.495 97.0118)
(194.042 279.484 97.0236)
(193.085 279.472 97.0699)
(192.145 279.448 97.111)
(191.29 279.453 97.214)
(190.038 279.498 96.8348)
(189.034 279.531 97.2364)
(209.802 278.883 97.1033)
(208.966 278.68 97.0156)
(208.125 278.688 97.0862)
(207.396 278.859 97.201)
(195.752 282.241 95.8656)
(196.489 281.988 95.6433)
(194.924 282.404 95.9757)
(194.014 282.466 96.0215)
(193.091 282.464 96.06)
(192.179 282.391 96.0782)
(191.229 282.189 96.1862)
(190.47 281.735 95.9231)
(190.083 281.63 96.4084)
(203.77 281.229 95.877)
(204.504 280.98 95.6602)
(202.928 281.394 95.9715)
(201.988 281.469 95.9983)
(201.004 281.492 96.0036)
(200.008 281.499 96.0075)
(199.021 281.517 96.033)
(198.083 281.585 96.1344)
(197.246 281.749 96.3564)
(190.083 281.3 95.816)
(189.722 281.001 96.2526)
(208.741 279.9 96.3321)
(208.01 280.172 96.0836)
(208.346 279.775 95.6785)
(207.033 280.423 96.0584)
(206.088 280.568 96.1417)
(205.249 280.746 96.3595)
(189.416 280.094 96.4324)
(189.15 279.735 96.5124)
(209.925 279.149 96.9986)
(209.402 279.22 96.5148)
(208.893 279.504 96.0455)
(205.825 279.259 95.8689)
(206.534 279.016 95.6187)
(204.976 279.42 95.9888)
(203.999 279.484 96.0017)
(203 279.498 96.0007)
(202 279.5 96.0003)
(201 279.5 96.0004)
(200.001 279.5 96.0009)
(199.003 279.499 96.0018)
(198.006 279.498 96.0037)
(197.015 279.496 96.0111)
(196.035 279.49 96.0264)
(195.087 279.478 96.0564)
(194.142 279.448 96.0585)
(193.171 279.411 96.1171)
(192.346 279.394 96.3316)
(191.305 279.286 96.1984)
(190.348 279.17 96.078)
(189.581 279.324 96.2202)
(189.271 279.667 96.0183)
(189.326 279.469 96.5293)
(189.044 279.206 96.3737)
(188.683 279.293 96.378)
(188.788 279.393 95.9529)
(188.549 279.138 95.9789)
(208.805 278.897 96.0732)
(208.048 278.708 96.0982)
(207.295 278.798 96.3139)
(190.016 278.915 95.556)
(189.284 278.979 95.8859)
(188.783 279.016 95.9294)
(195.757 282.208 94.9045)
(196.442 281.941 94.6717)
(194.948 282.377 95.0093)
(194.065 282.442 95.0771)
(193.167 282.425 95.1273)
(192.412 282.371 95.2685)
(191.61 282.135 95.0464)
(190.867 281.713 95.1281)
(203.825 281.17 94.9717)
(204.475 280.921 94.7382)
(202.999 281.33 95.0208)
(202.035 281.421 95.0207)
(201.038 281.465 95.0259)
(200.039 281.477 95.0255)
(199.043 281.492 95.0388)
(198.071 281.557 95.1077)
(197.217 281.728 95.3314)
(190.318 281.098 95.1035)
(189.937 280.832 95.4983)
(207.814 280.004 95.2987)
(207.063 280.268 95.0331)
(207.528 279.956 94.573)
(206.078 280.505 95.1221)
(205.225 280.717 95.3469)
(189.981 280.498 94.9954)
(189.617 280.225 95.5271)
(208.914 279.176 95.9167)
(208.389 279.285 95.2284)
(208.024 279.713 95.0244)
(205.783 279.243 94.8569)
(206.508 279.018 94.6103)
(204.946 279.399 94.9755)
(204.002 279.469 95.0054)
(203.005 279.494 95.004)
(202.001 279.501 95.0037)
(201 279.502 95.0037)
(200.001 279.501 95.0048)
(199.009 279.498 95.0104)
(198.025 279.492 95.0162)
(197.044 279.483 95.0281)
(196.089 279.471 95.0739)
(195.164 279.439 95.1223)
(194.379 279.408 95.2635)
(193.436 279.283 95.0599)
(192.269 279.216 95.4136)
(191.404 279.044 95.3114)
(190.79 279.009 95.5766)
(189.334 279.567 95.1203)
(188.989 279.158 95.2912)
(188.708 279.06 95.668)
(207.921 278.855 94.9275)
(207.229 278.812 95.3007)
(190.849 278.809 94.7919)
(190.034 278.768 94.9909)
(189.323 278.894 95.2735)
(195.763 282.102 94.0548)
(196.284 281.842 93.8764)
(195.016 282.28 94.1138)
(194.131 282.348 94.1775)
(193.351 282.359 94.3607)
(192.398 282.191 94.2705)
(191.618 281.935 94.2258)
(191.176 281.725 94.4604)
(203.898 281.048 94.3038)
(204.286 280.814 94.0135)
(203.211 281.165 94.2346)
(202.172 281.251 94.0594)
(201.139 281.363 94.1131)
(200.146 281.398 94.1036)
(199.149 281.412 94.1005)
(198.147 281.454 94.1202)
(197.096 281.622 94.182)
(191.372 281.525 93.8509)
(190.792 281.112 94.2244)
(206.881 280.158 94.0049)
(207.357 279.857 93.7261)
(206.116 280.363 94.1327)
(205.108 280.595 94.236)
(190.237 280.411 94.3742)
(189.8 280.026 94.7455)
(207.868 279.56 94.288)
(207.956 279.134 94.0237)
(205.845 279.243 93.8532)
(206.513 279.055 93.6037)
(204.995 279.365 93.9921)
(204.057 279.426 94.0458)
(203.041 279.469 94.0197)
(202.013 279.506 94.024)
(201.002 279.517 94.0268)
(199.999 279.511 94.0243)
(199.012 279.496 94.034)
(198.067 279.48 94.0713)
(197.132 279.45 94.0766)
(196.168 279.411 94.1272)
(195.356 279.389 94.3389)
(194.362 279.25 94.233)
(193.416 279.064 94.1535)
(192.607 279.004 94.4586)
(191.795 278.948 94.7572)
(189.963 279.613 94.015)
(189.504 279.122 94.6155)
(189.955 279.053 93.8858)
(207.633 278.853 93.6235)
(207.143 278.84 94.202)
(192.912 278.799 93.5217)
(191.773 278.75 93.955)
(190.869 278.705 93.9226)
(190.086 278.807 94.3712)
(195.793 281.888 93.4206)
(195.162 282.056 93.372)
(195.398 281.674 92.8048)
(194.302 282.115 93.3568)
(193.247 282.083 93.5136)
(192.391 281.872 93.4562)
(191.887 281.835 93.7463)
(203.605 280.862 93.6757)
(202.701 280.95 93.4916)
(201.936 281.017 93.3152)
(201.275 281.147 93.3656)
(201.479 280.868 92.8914)
(200.375 281.204 93.3197)
(199.398 281.224 93.2892)
(198.396 281.24 93.2767)
(197.381 281.305 93.2514)
(196.296 281.465 93.0606)
(191.84 281.398 93.264)
(191.213 280.99 93.4494)
(191.537 280.972 93.0855)
(206.862 279.991 93.3518)
(207.068 279.745 93.0425)
(206.277 280.119 93.3386)
(205.412 280.227 93.3124)
(204.325 280.428 93.2771)
(203.162 280.484 92.8967)
(202.158 280.689 92.858)
(191.278 280.638 93.0573)
(190.7 280.323 93.4959)
(207.567 279.454 93.1767)
(207.802 279.062 92.9016)
(206.112 279.34 92.9973)
(206.441 279.201 92.7612)
(205.109 279.333 92.8586)
(204.236 279.344 93.2719)
(203.2 279.363 93.0313)
(202.07 279.507 93.0915)
(201.017 279.573 93.1274)
(199.998 279.573 93.1208)
(198.991 279.521 93.0947)
(198.06 279.455 93.1584)
(197.325 279.418 93.3392)
(196.406 279.293 93.1223)
(195.272 279.213 93.4229)
(194.406 279.031 93.3027)
(193.79 278.972 93.5732)
(190.597 279.597 92.9914)
(190.224 279.189 93.3258)
(207.543 278.814 92.5177)
(206.942 278.84 92.9899)
(193.803 278.761 92.7054)
(192.808 278.642 92.7191)
(192.04 278.657 93.0201)
(191.265 278.681 93.2971)
(190.536 278.838 93.3576)
(194.628 281.775 92.7148)
(193.657 281.614 92.6664)
(192.655 281.512 92.9269)
(200.755 280.88 92.7442)
(199.809 280.901 92.6672)
(198.808 280.906 92.6275)
(197.776 280.923 92.5718)
(196.798 281.007 92.4962)
(196.181 281.084 92.3988)
(195.552 281.131 92.1905)
(194.912 281.415 92.2776)
(194.254 281.336 92.1645)
(192.842 280.903 92.3215)
(193.617 281.099 92.111)
(191.903 280.839 92.7614)
(206.483 279.699 92.8386)
(205.841 279.842 92.7028)
(204.903 279.736 92.4941)
(203.891 280.069 92.5346)
(203.205 280.011 92.2044)
(202.439 280.235 92.3135)
(202.819 279.862 91.8608)
(201.462 280.445 92.3667)
(200.403 280.478 92.2717)
(199.387 280.487 92.2203)
(198.317 280.464 92.1156)
(197.143 280.483 91.886)
(196.181 280.744 91.9147)
(193.372 280.61 91.7955)
(192.035 280.225 92.2206)
(192.717 280.309 91.8926)
(191.25 280.152 92.7233)
(207.517 279.275 92.0738)
(207.781 279.006 91.8796)
(206.656 279.46 92.2929)
(206.031 279.265 92.5086)
(206.177 279.534 92.5245)
(205.63 279.469 91.9992)
(205.398 279.207 92.115)
(203.981 279.639 91.8315)
(204.542 279.307 92.0306)
(203.93 279.172 92.4346)
(203.271 279.741 91.7818)
(203.085 279.177 92.2633)
(202.262 279.475 92.1972)
(202.935 279.107 91.7979)
(201.078 279.708 92.4193)
(200.031 279.748 92.4372)
(198.977 279.685 92.3513)
(197.921 279.455 92.1708)
(197.163 279.311 92.5607)
(196.414 279.099 92.2417)
(195.601 279.01 92.4711)
(194.784 278.941 92.7406)
(192.409 279.823 91.5925)
(191.419 279.455 92.0257)
(190.727 279.106 92.6583)
(191.099 279.048 92.1693)
(207.521 278.781 91.5316)
(206.893 278.71 91.8982)
(206.115 278.898 92.0958)
(204.164 278.943 91.6732)
(203.446 278.988 91.8905)
(195.928 278.83 91.5255)
(194.721 278.74 91.9084)
(193.758 278.629 91.8166)
(193.003 278.627 92.0425)
(192.25 278.64 92.3046)
(191.354 278.788 92.4478)
(194.676 280.958 91.7848)
(193.987 280.891 91.784)
(202.251 279.825 91.8695)
(201.198 279.997 92.1041)
(200.15 280.065 92.1338)
(199.093 280.043 92.0607)
(197.856 279.882 91.6628)
(196.944 280.043 91.2711)
(196.268 280.28 91.3012)
(196.441 279.919 90.8211)
(195.298 280.493 91.3551)
(194.07 280.37 91.2929)
(193.171 280.114 91.4281)
(193.557 280.012 91.0784)
(207.614 279.187 91.1492)
(207.791 278.97 91.0263)
(206.965 279.337 91.203)
(206.009 279.383 91.2161)
(204.862 279.362 91.3212)
(204.931 279.145 91.706)
(204.095 279.432 91.1882)
(203.353 279.458 91.2806)
(202.854 279.273 91.4909)
(197.042 279.644 90.6951)
(197.397 279.296 91.0188)
(196.96 279.108 91.6783)
(193.215 279.691 90.9157)
(192.386 279.321 91.0482)
(191.87 279.081 91.3829)
(191.474 278.994 91.8269)
(207.492 278.806 90.7401)
(206.864 278.696 90.9949)
(206.001 278.707 91.1651)
(204.973 278.838 91.3387)
(204.13 278.794 91.1945)
(203.494 278.923 91.3263)
(196.789 278.836 90.6316)
(195.822 278.688 90.6982)
(194.962 278.677 90.9664)
(193.971 278.65 91.1574)
(193.195 278.64 91.3852)
(192.253 278.773 91.536)
(195.721 279.971 90.6792)
(194.749 279.961 90.6715)
(193.929 279.905 90.7987)
(207.699 279.102 90.5817)
(207.727 278.955 90.4876)
(207.254 279.198 90.5184)
(206.452 279.233 90.5085)
(205.46 279.227 90.5523)
(204.395 279.229 90.6587)
(203.857 279.094 90.6511)
(203.435 279.073 90.9764)
(197.438 279.028 90.2443)
(197.63 279.045 89.7012)
(197.375 279.284 90.0178)
(196.856 279.45 89.8816)
(196.292 279.636 90.1931)
(195.423 279.506 89.9773)
(194.214 279.486 90.3069)
(193.29 279.251 90.4347)
(192.828 279.047 90.5625)
(192.391 278.98 90.9358)
(207.421 278.899 90.3002)
(206.869 278.822 90.3817)
(206.019 278.783 90.4789)
(205.086 278.798 90.5875)
(204.128 278.858 90.7776)
(197.359 278.832 89.7086)
(196.734 278.708 89.8325)
(196.147 278.688 90.1452)
(195.179 278.763 90.176)
(194.096 278.763 90.4769)
(193.105 278.79 90.7746)
(207.512 279.046 90.2745)
(206.975 279.032 90.2128)
(206.137 279.008 90.2377)
(205.198 278.99 90.2996)
(204.452 278.968 90.4007)
(197.512 279.151 89.2705)
(197.64 278.969 89.2667)
(197.093 279.299 89.3753)
(196.419 279.289 89.3058)
(195.821 279.12 89.3992)
(195.1 279.09 89.8113)
(194.158 279.028 90.1322)
(193.422 278.955 90.3223)
(197.373 278.862 89.002)
(196.959 278.75 89.2905)
(196.128 278.817 89.4626)
(197.492 279.021 88.8792)
(197.101 279.137 88.8009)
(197.228 278.969 88.6323)
(196.718 279.06 88.6999)
(196.342 279.008 88.9846)
(196.844 278.883 88.7864)
(196.99 279.006 88.5293)
(192.666 280.524 94.2069)
(194.494 280.547 92.9617)
(195.612 280.827 94.1912)
(190.471 280.939 102.067)
(194.188 280.77 95.0721)
(191.861 280.816 95.6501)
(184.119 281.138 108.147)
(186.285 280.938 106.241)
(189.046 280.999 99.305)
(190.539 280.597 96.6083)
(182.451 281.047 112.347)
(185.653 281.042 108.106)
(187.062 280.997 104.04)
(185.745 280.996 113.339)
(190.726 280.238 95.3715)
(194.027 281.026 96.664)
(188.811 281.086 101.924)
(185.845 281.118 111.041)
(187.564 281.232 107.227)
(195.365 280.864 95.8153)
(185.822 281.106 115.761)
(195.235 280.987 100.407)
(184.613 281.071 120.22)
(193.039 281.012 101.456)
(191.631 281.03 102.88)
(191.41 281.008 97.7357)
(187.801 280.989 102.751)
(187.748 280.733 100.948)
(183.835 281.096 113.444)
(193.089 279.924 92.819)
(184.368 280.883 110.594)
(192.158 281.103 99.9821)
(194.262 280.973 99.0428)
(186.123 281.044 109.585)
(184.653 280.713 106.99)
(187.678 280.993 105.351)
(190.391 280.928 100.704)
(183.584 281.164 121.882)
(184.145 280.942 115.207)
(191.863 280.064 93.4043)
(182.927 280.997 119.403)
(182.866 280.857 114.575)
(184.302 281.157 116.945)
(188.842 280.853 100.54)
(195.558 281.002 97.5227)
(182.596 280.98 116.503)
(183.169 280.687 109.105)
(182.471 280.963 122.903)
(183.239 280.961 111.379)
(184.64 281.081 112.138)
(195.502 280.374 92.8151)
(187.185 281.203 108.94)
(182.094 280.827 121.679)
(181.746 280.772 113.458)
(193.285 281.036 97.9693)
(185.935 280.794 104.69)
(186.038 280.6 103.557)
(184.756 281.024 118.416)
(190.883 280.809 99.0369)
(193.957 279.794 92.0016)
(195.684 280.986 98.9954)
(196.935 280.56 95.0279)
(181.856 280.803 118.658)
(189.569 280.716 98.0021)
(185.069 280.655 105.684)
(188.74 281.314 104.067)
(191.17 279.79 94.2498)
(181.636 280.902 115.552)
(181.149 280.616 120.075)
(183.214 281.051 117.947)
(196.703 280.888 96.5294)
(191.696 280.798 101.709)
(193.762 280.373 93.8331)
(183.687 281.407 123.885)
(185.126 281.322 121.571)
(186.367 280.623 102.582)
(181.714 281.007 125.317)
(186.103 281.227 112.303)
(196.774 280.362 93.3665)
(180.587 280.608 118.62)
(181.804 280.85 117.624)
(185.898 281.205 117.015)
(182.151 281.013 124.182)
(185.762 280.92 114.539)
(193.053 281.29 95.3528)
(194.734 281.319 101.867)
(191.829 281.208 94.3914)
(180.575 280.612 116.443)
(190.645 281.298 103.535)
(180.998 280.722 123.222)
(193.838 280.976 100.37)
(183 280.57 107.733)
(182.776 280.653 110.236)
(185.027 281.405 122.806)
(187.087 281.432 110.603)
(176.437 280.58 121.607)
(192.845 281.387 102.786)
(188.956 281.289 105.99)
(183.088 280.86 120.598)
(189.696 281.196 102.72)
(180.649 280.651 124.525)
(186.735 281.375 118.128)
(186.681 280.547 101.506)
(192.445 280.766 96.8292)
(194.656 281.45 94.0315)
(185.936 281.366 120.598)
(188.743 281.418 108.925)
(185.891 281.279 119.495)
(195.841 281.129 101.487)
(184.841 280.971 109.416)
(196.54 280.856 100.187)
(186.82 281.48 121.914)
(180.93 280.69 121.9)
(196.993 280.69 97.9996)
(212.362 279 98.6604)
(208.93 279.294 96.7508)
(210.424 279.104 98.0407)
(189.634 280.102 97.2785)
(183.503 280.315 105.964)
(182.724 280.226 106.822)
(196.055 279.171 89.8033)
(189.825 279.624 95.804)
(190.585 279.252 93.8524)
(185.183 280.315 103.403)
(186.243 280.147 101.977)
(181.724 281.544 128.987)
(203.312 280.91 105.082)
(176.656 280.243 118.392)
(195.724 281.616 113.553)
(186.429 280.121 101.113)
(190.128 279.341 94.5814)
(182.077 280.264 107.794)
(207.557 279.274 94.1252)
(206.569 279.473 93.1111)
(207.992 279.202 95.472)
(175.861 280.601 119.848)
(196.404 281.174 111.836)
(188.071 280.216 98.3587)
(197.087 279.562 91.2078)
(194.431 279.116 90.6011)
(201.839 279.982 92.5185)
(191.098 281.917 122.083)
(204.128 280.528 103.867)
(186.921 280.139 99.9507)
(199.49 280.182 92.6333)
(188.999 279.528 96.5747)
(178.671 280.073 112.873)
(198.478 280.115 92.5355)
(193.022 281.932 120.027)
(178.137 281.013 129.582)
(203.869 279.135 91.1607)
(204.229 279.529 92.3043)
(177.602 280.073 115.732)
(209.333 279.884 100.154)
(211.31 279.074 98.6058)
(202.967 279.439 91.8813)
(206.141 280.066 102.524)
(179.345 280.055 109.815)
(209.897 279.532 98.9504)
(204.536 279.147 91.4539)
(175.206 281.004 130.973)
(173.626 280.974 130.04)
(173.741 280.947 121.981)
(192.864 279.111 91.0719)
(201.063 280.983 106.394)
(195.056 281.97 117.528)
(205.575 279.504 92.4855)
(205.913 279.047 90.7384)
(173.701 280.967 128.967)
(173.7 280.945 120.965)
(173.739 280.949 124.129)
(173.755 280.959 123.132)
(189.463 281.964 123.986)
(207.277 279 92.091)
(173.777 280.936 125.124)
(208.185 279.921 102.269)
(173.747 280.954 126.98)
(174.586 280.83 120.398)
(183.186 281.932 129.178)
(195.245 281.88 115.384)
(188.086 281.939 125.608)
(197.321 281.105 110.07)
(207.33 278.998 91.3737)
(179.828 280.03 108.821)
(197.215 279.012 89.1993)
(209.542 280.018 101.82)
(207.463 278.996 90.5558)
(173.499 280.997 131.475)
(176.829 280.088 117.277)
(177.946 280.052 114.298)
(213.032 278.995 98.8375)
(178.875 280.085 111.424)
(202.248 280.926 106.092)
(176.502 280.999 130.041)
(179.627 280.936 129.134)
(186.735 281.918 126.455)
(198.244 280.999 108.403)
(184.672 281.886 128.39)
(189.128 279.192 95.6368)
(195.685 279.105 90.1376)
(197.072 279.143 90.2334)
(193.834 281.97 118.964)
(176.367 280.232 118.987)
(209.407 279.747 99.4007)
(203.461 280.801 104.557)
(195.966 281.494 112.617)
(191.334 279.087 92.4686)
(197.415 279.642 91.8333)
(186.599 280.234 100.584)
(184.596 280.269 104.811)
(185.589 280.395 102.816)
(175.075 280.649 120.236)
(176.729 280.069 117.84)
(209.767 279.233 97.3112)
(201.175 280.174 92.639)
(204.759 280.242 103.474)
(194.33 282.003 118.327)
(178.612 280.956 129.188)
(203.391 279.246 91.5571)
(177.513 280.204 116.239)
(197.244 279.127 89.7777)
(178.215 280.157 113.419)
(203.07 280.892 105.581)
(204.473 279.591 92.8016)
(189.243 279.807 96.9587)
(195.056 279.256 90.4101)
(207.724 279.34 94.8461)
(177.802 280.045 114.977)
(179.543 280.05 110.548)
(177.408 281.01 129.999)
(178.785 280.022 112.001)
(175.934 280.995 130.668)
(173.595 281.065 129.5)
(206.682 280.066 102.243)
(206.868 279.127 92.6101)
(204.854 279.033 90.8577)
(201.631 281.025 106.185)
(180.84 280.105 108.537)
(173.867 281.008 121.452)
(196.88 279.343 90.6781)
(205.351 280.118 102.879)
(173.808 280.986 127.702)
(211.485 279.083 98.4004)
(173.8 281.013 124.594)
(173.804 281.007 122.573)
(173.967 280.976 120.179)
(195.378 281.844 115.919)
(209.239 279.905 100.773)
(189.578 281.914 123.316)
(173.844 280.993 126.365)
(184.262 281.921 128.905)
(174.048 281.013 131.241)
(206.5 278.981 90.7232)
(196.797 279.038 89.1692)
(179.381 280.036 109.177)
(208.811 279.97 102.377)
(206.17 279.205 92.0278)
(195.242 282.012 117.072)
(208.614 279.258 96.0687)
(202.736 279.744 92.342)
(188.964 281.958 124.911)
(173.463 281.006 131.2)
(187.458 280.198 99.6302)
(207.493 279.038 90.8237)
(193.391 279.044 90.8045)
(199.295 281.007 107.3)
(185.618 281.922 127.585)
(198.871 280.999 107.893)
(187.384 281.978 126.108)
(186.123 281.931 127.081)
(179.993 281.095 128.957)
(197.439 281.067 109.335)
(205.414 279.133 91.4676)
(188.604 280.054 97.8113)
(180.595 281.119 128.652)
(182.48 281.844 129.231)
(195.161 281.729 114.71)
(210.531 279.213 98.6142)
(200.429 280.148 92.681)
(179.11 280.016 110.917)
(173.729 281.014 130.445)
(204.346 279.087 90.9977)
(206.012 279.719 93.2096)
(203.923 279.253 91.6773)
(207.372 279.092 92.8156)
(173.814 281.017 125.617)
(173.796 281.016 123.602)
(184.175 280.325 105.433)
(190.632 281.873 122.599)
(177.951 280.019 113.774)
(207.395 279.986 102.206)
(209.537 280.01 101.27)
(173.843 281.03 128.441)
(194.794 281.918 117.961)
(183.662 281.853 129.086)
(192.274 281.917 120.497)
(195.266 281.965 116.442)
(197.403 279.024 89.4613)
(205.439 279.009 90.9594)
(184.779 280.203 104.063)
(202.739 280.994 105.985)
(185.711 280.234 102.2)
(209.17 279.99 102.138)
(179.11 281.014 129.219)
(189.313 279.393 95.844)
(207.109 279.005 90.6043)
(173.761 280.98 131.496)
(173.512 280.985 119.978)
(197.055 278.989 88.9163)
(174.548 280.957 131.08)
(188.494 281.957 125.145)
(189.2 281.945 124.458)
(192.432 279.063 91.5647)
(196.482 279.072 89.6144)
(197.11 281.057 110.739)
(193.591 281.949 119.549)
(185.145 281.936 128.038)
(197.887 281.087 109.062)
(199.925 281.033 106.946)
(191.086 279.202 93.0929)
(177.09 280.139 116.692)
(193.87 279.168 90.6622)
(211.978 279.063 98.6442)
(181.456 280.197 108.487)
(197.651 280.031 92.4035)
(205.3 279.719 93.1667)
(195.586 281.719 114.336)
(207.567 279.112 93.5011)
(211.749 279.037 98.642)
(173.713 280.976 130.954)
(180.177 280.082 108.516)
(189.028 280.035 97.476)
(189.153 279.389 96.1978)
(189.618 279.247 95.2675)
(173.756 280.983 120.543)
(191.628 281.941 121.589)
(187.839 280.186 99.0604)
(191.88 279.081 91.8304)
(200.326 280.983 106.391)
(196.669 281.182 111.268)
(190.221 281.845 123.134)
(210.918 279.064 98.1482)
(211.887 279.029 98.4675)
(205.861 279.572 92.8112)
(188.942 279.228 95.9852)
(191.771 281.998 121.066)
)


// ************************************************************************* //
