/*--------------------------------*- C++ -*----------------------------------*\
  =========                 |
  \\      /  F ield         | OpenFOAM: The Open Source CFD Toolbox
   \\    /   O peration     | Website:  https://openfoam.org
    \\  /    A nd           | Version:  11
     \\/     M anipulation  |
\*---------------------------------------------------------------------------*/
FoamFile
{
    format      ascii;
    class       labelList;
    location    "constant/region4/polyMesh";
    object      faceRegionAddressing;
}
// * * * * * * * * * * * * * * * * * * * * * * * * * * * * * * * * * * * * * //


324
(
4858
4859
4860
4861
13149
13150
13151
13257
13258
13259
13303
13304
13305
13400
13401
13402
13482
13483
13484
13651
13652
13660
13661
13662
13676
13677
41279
41280
41281
41282
41290
41291
41292
41293
41324
41325
41326
41327
41328
41363
41364
66952
66953
66954
66955
67026
67027
67028
67048
67049
67054
67055
67056
67101
67102
67103
156312
156313
156314
156315
156378
156379
156380
156415
156416
201229
201230
201231
201232
201233
201234
201312
201313
201334
201335
201336
220042
220043
220044
220045
220074
220075
220076
220191
220192
220193
319145
319146
319147
319319
319320
335833
335834
335932
335933
336117
336118
336119
336140
336141
360537
360538
360539
360540
405803
405804
405826
437366
437413
437414
477547
477548
477559
477560
477561
477590
477632
477659
577056
577057
577202
577327
577328
577329
679403
679404
679405
679482
679483
679629
679630
679631
679632
679641
679642
679643
679654
679655
679656
824188
824189
850734
850735
858701
858702
858703
858844
858865
859103
978904
978905
978906
978924
978925
979030
979075
979163
1001850
1001851
1002083
1002084
1005976
1006020
1006205
1006206
1014086
1014087
1014088
1014089
1014127
1014128
1014175
1057375
1180760
1180761
1180762
1180893
1180894
1442207
1442208
1442209
1442389
1442390
1443104
1443105
1443106
1443111
1443186
1443187
1443188
1443519
1443520
1706739
1706754
1709000
1710278
1710279
1710728
1728401
1728402
1728403
1728492
1728493
1728622
1728686
1728687
1728697
1737404
1737405
1737426
1737427
1737488
1748784
1748785
1748786
1748945
1771090
1771091
1771119
1771194
1771195
1885120
1885121
1885122
1885145
1885204
1885206
1885207
1885375
2126923
2126924
2132921
2134208
2134209
2136050
2136244
2136245
2136721
2136722
2137694
2138362
2138363
2138890
2139718
2139737
2139817
2140266
2164007
2164008
2164009
2164058
2164403
2176079
2176084
2176513
2176974
2178736
2179752
2182623
2182627
2184941
2184942
2185930
2187204
2187206
2187207
2190672
2195017
2195018
2201773
2203045
2203404
2203417
2210048
2210053
2211663
2211673
2212169
2214971
2223322
2245461
2278640
2279028
2279254
2279336
2282366
2282394
2282407
2283894
2285877
2285879
2285899
2290144
2290149
2315956
2315980
2316034
2455560
2460656
2461881
2462074
2463629
2463816
2464293
2464959
2465333
2465383
2466109
2466425
2466568
2466734
2467825
2467849
2467941
2468169
2468489
2468831
2469415
2469892
2470352
2472897
2481287
2481296
2481459
)


// ************************************************************************* //
