/*--------------------------------*- C++ -*----------------------------------*\
  =========                 |
  \\      /  F ield         | OpenFOAM: The Open Source CFD Toolbox
   \\    /   O peration     | Website:  https://openfoam.org
    \\  /    A nd           | Version:  11
     \\/     M anipulation  |
\*---------------------------------------------------------------------------*/
FoamFile
{
    format      ascii;
    class       faceList;
    location    "constant/region4/polyMesh";
    object      faces;
}
// * * * * * * * * * * * * * * * * * * * * * * * * * * * * * * * * * * * * * //


324
(
3(46 51 24)
3(46 48 51)
3(46 24 48)
3(24 51 48)
3(18 24 43)
3(43 24 12)
3(18 43 12)
3(18 40 43)
3(18 24 40)
3(43 40 24)
3(18 17 43)
3(18 40 17)
3(43 17 40)
3(51 28 46)
3(51 24 28)
3(28 24 46)
3(51 28 19)
3(51 19 46)
3(28 46 19)
3(51 28 17)
3(51 17 19)
3(51 40 28)
3(51 24 40)
3(28 40 24)
3(28 17 40)
3(51 40 17)
3(50 25 14)
3(50 44 25)
3(25 44 14)
3(50 14 44)
3(41 50 26)
3(50 38 26)
3(41 26 38)
3(41 38 50)
3(50 25 26)
3(50 26 14)
3(46 44 25)
3(46 25 50)
3(46 50 44)
3(41 50 25)
3(41 25 26)
3(40 4 49)
3(40 49 48)
3(49 4 48)
3(40 48 4)
3(49 4 17)
3(49 17 2)
3(49 2 4)
3(40 17 49)
3(40 4 17)
3(49 48 13)
3(40 13 48)
3(40 49 13)
3(17 2 43)
3(49 43 2)
3(49 17 43)
3(41 31 47)
3(41 34 31)
3(41 47 34)
3(31 34 47)
3(41 30 47)
3(41 31 30)
3(31 47 30)
3(41 25 31)
3(41 34 25)
3(3 48 13)
3(3 13 49)
3(3 49 48)
3(13 48 24)
3(48 40 24)
3(13 24 40)
3(48 24 25)
3(48 25 13)
3(49 13 43)
3(40 43 13)
3(40 49 43)
3(45 27 42)
3(26 45 42)
3(26 27 45)
3(26 42 27)
3(23 42 45)
3(23 27 42)
3(23 45 27)
3(42 45 10)
3(23 10 45)
3(23 42 10)
3(15 21 42)
3(42 21 26)
3(15 42 26)
3(21 42 9)
3(15 9 42)
3(19 48 51)
3(19 46 48)
3(48 46 25)
3(46 24 25)
3(19 48 4)
3(48 51 4)
3(19 4 51)
3(44 25 48)
3(44 48 46)
3(21 42 38)
3(20 42 21)
3(20 38 42)
3(20 21 38)
3(43 16 17)
3(43 18 16)
3(16 2 43)
3(48 40 51)
3(29 46 28)
3(24 46 29)
3(44 14 48)
3(25 48 14)
3(14 48 5)
3(44 5 48)
3(44 14 5)
3(13 48 14)
3(48 14 3)
3(3 48 5)
3(26 42 38)
3(21 26 38)
3(42 9 20)
3(26 20 42)
3(26 45 20)
3(45 42 20)
3(34 39 37)
3(36 39 34)
3(36 37 39)
3(34 39 35)
3(39 37 35)
3(39 20 47)
3(26 39 47)
3(26 20 39)
3(26 47 20)
3(39 30 47)
3(47 30 20)
3(39 20 30)
3(39 36 47)
3(39 30 36)
3(47 36 30)
3(42 15 8)
3(42 8 9)
3(42 11 27)
3(23 11 42)
3(7 26 50)
3(7 38 26)
3(7 50 38)
3(7 14 50)
3(26 20 38)
3(7 38 21)
3(26 47 34)
3(26 41 47)
3(26 34 41)
3(39 47 34)
3(26 39 34)
3(34 36 47)
3(26 39 35)
3(31 36 47)
3(3 43 49)
3(3 13 43)
3(3 2 49)
3(3 43 2)
3(3 4 49)
3(3 4 48)
3(43 0 13)
3(3 0 43)
3(39 45 35)
3(39 35 33)
3(39 33 45)
3(33 35 45)
3(45 26 39)
3(45 35 26)
3(33 39 37)
3(46 19 29)
3(29 46 25)
3(29 50 46)
3(29 25 50)
3(50 46 19)
3(29 50 19)
3(4 44 19)
3(19 44 6)
3(4 6 44)
3(19 48 44)
3(48 4 44)
3(44 50 19)
3(19 50 6)
3(44 6 50)
3(19 44 46)
3(50 41 19)
3(19 41 6)
3(50 6 41)
3(29 41 50)
3(29 25 41)
3(28 40 18)
3(40 51 4)
3(4 51 17)
3(43 13 12)
3(43 24 13)
3(43 12 16)
3(22 39 33)
3(22 33 45)
3(22 45 39)
3(35 23 45)
3(35 45 27)
3(33 23 45)
3(22 39 32)
3(39 33 32)
3(45 20 39)
3(48 4 5)
3(44 5 4)
3(7 14 44)
3(7 44 50)
3(7 5 44)
3(43 12 0)
3(43 1 12)
3(43 0 1)
3(43 1 16)
3(42 15 11)
3(42 11 8)
3(42 15 27)
3(42 20 10)
3(45 10 20)
3(41 20 30)
3(19 41 30)
3(19 20 41)
3(20 47 41)
3(20 26 41)
3(30 41 29)
3(41 31 29)
3(29 19 41)
3(38 21 6)
3(7 38 6)
3(38 20 6)
3(32 39 30)
3(32 36 39)
3(42 9 10)
3(45 10 22)
3(45 22 20)
3(39 32 20)
3(22 39 20)
3(2 43 1)
3(5 44 6)
3(7 6 44)
3(45 22 23)
3(2 0 43)
3(42 8 10)
3(39 32 37)
3(42 10 11)
3(41 20 6)
3(38 20 41)
3(38 41 6)
3(50 6 38)
3(7 6 50)
3(18 12 24)
3(28 19 17)
3(25 14 26)
3(17 4 2)
3(31 25 34)
3(13 25 24)
3(15 26 21)
3(15 21 9)
3(18 17 16)
3(16 17 2)
3(24 29 28)
3(25 13 14)
3(3 14 13)
3(14 3 5)
3(21 20 9)
3(36 34 37)
3(34 35 37)
3(15 9 8)
3(23 27 11)
3(7 26 14)
3(7 21 26)
3(26 35 34)
3(31 34 36)
3(3 2 4)
3(3 13 0)
3(33 37 35)
3(29 19 28)
3(24 25 29)
3(4 19 6)
3(28 18 24)
3(4 17 19)
3(13 24 12)
3(18 16 12)
3(35 27 23)
3(33 35 23)
3(22 32 33)
3(7 14 5)
3(1 0 12)
3(12 0 13)
3(16 1 12)
3(11 15 8)
3(11 27 15)
3(19 30 20)
3(30 29 31)
3(29 30 19)
3(7 6 21)
3(20 21 6)
3(32 30 36)
3(25 31 29)
3(9 20 10)
3(20 22 10)
3(22 20 32)
3(26 27 35)
3(2 1 16)
3(32 20 30)
3(7 5 6)
3(28 17 18)
3(26 15 27)
3(33 23 22)
3(3 0 2)
3(8 9 10)
3(36 37 32)
3(22 23 10)
3(23 11 10)
3(31 36 30)
3(33 32 37)
3(11 8 10)
3(2 0 1)
3(3 4 5)
3(6 5 4)
3(6 19 20)
3(26 34 25)
)


// ************************************************************************* //
