/*--------------------------------*- C++ -*----------------------------------*\
  =========                 |
  \\      /  F ield         | OpenFOAM: The Open Source CFD Toolbox
   \\    /   O peration     | Website:  https://openfoam.org
    \\  /    A nd           | Version:  11
     \\/     M anipulation  |
\*---------------------------------------------------------------------------*/
FoamFile
{
    format      ascii;
    class       labelList;
    note        "nPoints:52  nCells:144  nFaces:324  nInternalFaces:252";
    location    "constant/region4/polyMesh";
    object      neighbour;
}
// * * * * * * * * * * * * * * * * * * * * * * * * * * * * * * * * * * * * * //


252
(
4
31
32
38
2
86
87
3
82
141
36
119
142
5
7
39
6
31
72
8
85
8
38
82
119
143
11
12
40
94
13
55
136
137
13
56
34
73
79
81
138
16
17
67
83
16
18
66
142
143
22
23
25
37
65
142
20
21
59
63
103
105
128
111
138
43
64
67
24
38
141
32
42
64
141
142
27
47
115
120
28
54
89
101
125
126
30
45
120
46
53
33
84
34
74
77
83
85
40
84
45
46
57
109
37
87
116
83
72
74
41
42
44
93
95
43
44
132
57
58
112
57
92
101
49
61
124
62
71
51
60
92
104
52
103
117
61
110
128
99
123
100
126
56
58
140
94
136
107
60
104
138
61
62
63
70
128
65
68
66
122
67
132
97
122
70
71
88
90
92
115
129
75
74
75
81
79
108
77
78
133
84
93
79
80
139
84
108
135
137
108
111
119
143
143
97
141
98
91
121
127
90
115
121
114
129
127
132
133
95
139
118
97
98
131
116
100
130
120
112
113
103
106
135
104
136
106
111
108
109
140
134
117
124
123
125
127
117
127
131
133
139
125
131
130
129
130
135
136
137
140
140
)


// ************************************************************************* //
