/*--------------------------------*- C++ -*----------------------------------*\
  =========                 |
  \\      /  F ield         | OpenFOAM: The Open Source CFD Toolbox
   \\    /   O peration     | Website:  https://openfoam.org
    \\  /    A nd           | Version:  11
     \\/     M anipulation  |
\*---------------------------------------------------------------------------*/
FoamFile
{
    format      ascii;
    class       labelList;
    note        "nPoints:52  nCells:144  nFaces:324  nInternalFaces:252";
    location    "constant/region4/polyMesh";
    object      owner;
}
// * * * * * * * * * * * * * * * * * * * * * * * * * * * * * * * * * * * * * //


324
(
0
0
0
0
1
1
1
2
2
2
3
3
3
4
4
4
5
5
5
6
6
7
7
7
8
8
9
9
9
9
10
10
10
10
11
11
12
12
12
13
13
14
14
14
14
15
15
15
16
16
17
17
17
18
18
18
19
19
19
19
20
20
20
21
21
22
22
22
23
23
23
24
24
25
25
25
26
26
26
26
27
27
27
28
28
28
29
29
29
30
30
31
31
32
32
33
33
33
34
34
35
35
35
35
36
36
37
38
39
39
40
40
41
41
41
42
43
44
45
45
46
47
47
47
48
48
48
49
49
50
50
50
50
51
51
51
52
52
52
53
53
54
54
55
55
55
56
57
58
59
59
59
60
60
61
62
63
64
64
65
65
66
67
68
68
69
69
69
69
70
70
71
72
73
73
73
75
75
76
76
76
77
77
78
78
78
79
80
80
80
81
81
82
83
85
86
86
87
88
88
88
89
89
90
91
91
92
93
93
94
94
95
96
96
96
98
99
99
100
101
101
102
102
102
103
104
105
105
106
107
107
109
110
110
112
113
113
114
114
116
118
118
121
122
123
124
126
134
134
134
137
139
1
6
11
15
21
24
29
30
36
37
39
42
43
44
46
48
49
53
54
56
58
62
63
66
68
71
72
74
76
82
85
86
87
89
90
91
95
96
97
98
99
100
102
105
106
107
109
110
111
112
113
114
115
116
117
118
119
120
121
122
123
124
125
126
128
129
130
131
132
133
135
138
)


// ************************************************************************* //
