/*--------------------------------*- C++ -*----------------------------------*\
  =========                 |
  \\      /  F ield         | OpenFOAM: The Open Source CFD Toolbox
   \\    /   O peration     | Website:  https://openfoam.org
    \\  /    A nd           | Version:  11
     \\/     M anipulation  |
\*---------------------------------------------------------------------------*/
FoamFile
{
    format      ascii;
    class       faceSet;
    location    "constant/polyMesh/sets";
    object      nonOrthoFaces;
}
// * * * * * * * * * * * * * * * * * * * * * * * * * * * * * * * * * * * * * //


5762
(
0 
3 
8196 
8197 
7 
8200 
8204 
12 
13 
8207 
15 
73745 
17 
8210 
73747 
8211 
8212 
16409 
8217 
16410 
26 
270363 
28 
8221 
8224 
16419 
35 
8228 
8229 
8230 
40 
41 
73770 
43 
57389 
8237 
8238 
46 
49 
51 
52 
53 
81975 
8247 
163896 
81976 
81977 
81979 
8252 
8253 
61 
106558 
8254 
64 
8259 
67 
8263 
8265 
73 
74 
75 
76 
8269 
82002 
8275 
8276 
85 
8278 
8279 
8280 
8281 
89 
90 
8283 
91 
8284 
8285 
93 
8286 
8287 
8288 
96 
8289 
97 
8290 
98 
8291 
99 
8292 
100 
8293 
8294 
8295 
103 
8296 
104 
8298 
106 
8299 
107 
8301 
8302 
110 
112 
114 
8307 
8308 
8309 
8310 
118 
120 
8313 
121 
8314 
123 
124 
125 
8320 
130 
8323 
8324 
134 
135 
123017 
8329 
137 
8330 
138 
98443 
8332 
140 
142 
143 
144 
8337 
145 
8338 
8339 
147 
8340 
148 
149 
237718 
150 
237719 
151 
237721 
8345 
153 
154 
8347 
156 
157 
158 
8351 
159 
8352 
160 
161 
8354 
162 
8355 
165 
166 
167 
168 
169 
170 
171 
8365 
174 
175 
176 
8369 
179 
8372 
181 
182 
185 
8378 
186 
8379 
187 
188 
189 
8382 
190 
192 
8385 
193 
195 
196 
198 
199 
201 
8395 
203 
204 
206 
207 
208 
8401 
209 
210 
213 
214 
216 
217 
218 
221 
222 
223 
224 
226 
228 
229 
131302 
230 
231 
232 
235 
236 
221421 
237 
238 
239 
240 
241 
242 
243 
244 
246 
8439 
247 
8442 
221437 
253 
221438 
221439 
8447 
255 
8448 
257 
258 
259 
262 
264 
266 
267 
8462 
270 
274 
275 
8468 
276 
8471 
281 
8474 
282 
283 
8476 
8477 
221470 
8479 
8480 
288 
289 
24866 
291 
24869 
49446 
8486 
49447 
229673 
8489 
8490 
298 
24876 
8492 
8493 
301 
229678 
8494 
304 
8497 
229682 
229684 
8503 
311 
312 
313 
8506 
314 
8507 
8508 
316 
16704 
16705 
8514 
324 
325 
49484 
332 
333 
41294 
8527 
335 
336 
8536 
344 
8537 
345 
346 
213341 
8541 
49506 
8547 
8551 
8552 
8553 
8554 
362 
8555 
8556 
365 
8559 
8560 
368 
370 
371 
213364 
8564 
372 
8565 
373 
374 
8567 
376 
8570 
213371 
380 
381 
8577 
385 
213378 
213379 
387 
8580 
388 
389 
390 
391 
393 
8587 
24972 
8588 
49549 
397 
8590 
398 
399 
8592 
400 
8593 
57746 
402 
8596 
404 
8600 
409 
8602 
8603 
8604 
414 
57761 
57762 
423 
424 
8617 
8619 
139694 
430 
57776 
432 
438 
444 
445 
447 
451 
452 
456 
8649 
458 
8651 
459 
8652 
461 
462 
8656 
8657 
8658 
467 
469 
470 
471 
472 
16858 
474 
8669 
477 
480 
8673 
481 
8674 
482 
221667 
8675 
483 
8679 
491 
493 
494 
496 
498 
503 
504 
505 
506 
507 
8700 
509 
510 
511 
512 
8705 
513 
514 
516 
517 
518 
8711 
519 
8712 
521 
8715 
523 
524 
8717 
525 
8720 
528 
8721 
8722 
530 
531 
532 
533 
536 
538 
539 
540 
8734 
547 
548 
551 
563 
564 
565 
567 
8762 
577 
8771 
579 
8772 
583 
593 
597 
8792 
8794 
605 
8798 
606 
8799 
610 
8803 
612 
139879 
8807 
139880 
618 
344683 
619 
620 
621 
8816 
626 
8820 
8821 
629 
8823 
8824 
8825 
633 
8826 
634 
8827 
8828 
636 
90749 
8829 
637 
638 
8831 
639 
8832 
640 
642 
74372 
8837 
74375 
8839 
648 
8841 
649 
8842 
650 
651 
654 
74383 
74384 
656 
98963 
98964 
98965 
661 
8855 
663 
664 
665 
74394 
667 
668 
670 
674 
675 
676 
679 
681 
682 
8875 
683 
8876 
684 
8877 
685 
8878 
687 
8880 
8881 
689 
8882 
690 
8883 
691 
8884 
692 
82614 
8886 
695 
82616 
8888 
697 
82618 
82619 
8891 
699 
8892 
700 
82621 
25278 
8894 
702 
703 
8897 
8898 
707 
708 
709 
710 
8904 
712 
713 
714 
8907 
715 
716 
25294 
25295 
8911 
719 
720 
8913 
8915 
725 
8918 
729 
730 
731 
8925 
733 
735 
736 
738 
739 
148196 
740 
741 
742 
148200 
744 
8937 
746 
747 
148205 
148206 
8942 
90863 
90864 
90866 
148211 
756 
8949 
8950 
58104 
760 
213754 
762 
213755 
99067 
58107 
99068 
58109 
213758 
213759 
213760 
213761 
769 
213762 
25347 
8963 
8964 
772 
213765 
25350 
180999 
213769 
90889 
8969 
777 
778 
8971 
8973 
8975 
8976 
785 
786 
148244 
789 
790 
792 
793 
798 
25376 
800 
8993 
801 
25379 
8995 
8996 
8997 
8998 
25383 
9000 
9002 
25387 
9004 
25389 
9006 
25393 
25395 
25397 
9013 
9014 
58168 
9016 
25405 
25408 
9027 
9028 
838 
58183 
9031 
181065 
58185 
58186 
181067 
9035 
254797 
181075 
58195 
9045 
9046 
9049 
9051 
9052 
9053 
58207 
9058 
74595 
867 
74596 
868 
9061 
9062 
9063 
9065 
9066 
50027 
877 
878 
879 
9072 
881 
882 
9075 
9076 
9077 
888 
889 
892 
9086 
897 
82818 
9090 
898 
82819 
82820 
82821 
82822 
82823 
82824 
905 
82826 
9098 
82827 
82829 
82832 
82833 
913 
82835 
82836 
82838 
82839 
82840 
82843 
9115 
213917 
925 
82846 
213923 
82851 
9123 
213924 
82852 
9124 
936 
9129 
9132 
9135 
9136 
9137 
946 
9139 
947 
9140 
9141 
9142 
123832 
213946 
9149 
9153 
9154 
9155 
9156 
74693 
9157 
9158 
966 
9159 
9160 
9162 
9163 
971 
9164 
973 
50126 
974 
9170 
9171 
9174 
9177 
985 
9178 
50139 
987 
992 
993 
9186 
994 
997 
9195 
1003 
9196 
1006 
9199 
1007 
9200 
1008 
9202 
1013 
1014 
1016 
1018 
9211 
9212 
9213 
9214 
1024 
1026 
9220 
107531 
107532 
9229 
9230 
107535 
1039 
1041 
107538 
1042 
9235 
9236 
1044 
107543 
1047 
1048 
107545 
9241 
1049 
9242 
9243 
1051 
9244 
107549 
9245 
1054 
107552 
107553 
1058 
9251 
214052 
9252 
1060 
214053 
9253 
1064 
107561 
107562 
320555 
1067 
1068 
1069 
148526 
9262 
9263 
9264 
1072 
107569 
1073 
91186 
9266 
107571 
148532 
9268 
107574 
9272 
1082 
1084 
1088 
1091 
1093 
1095 
1096 
1098 
1104 
1106 
9301 
1109 
9304 
9306 
9310 
9311 
1119 
9312 
1120 
1121 
9314 
1122 
9315 
1123 
9316 
9317 
1125 
9319 
1127 
9320 
1128 
50283 
9324 
1132 
9325 
1137 
9331 
9332 
1140 
9333 
1143 
1144 
9338 
58492 
1149 
1150 
1152 
1153 
1156 
1157 
9351 
1159 
9352 
1160 
1161 
1162 
1163 
1164 
1165 
263310 
1170 
1172 
9365 
9366 
9367 
9369 
9370 
1179 
165020 
1180 
165021 
1181 
1183 
165024 
1184 
1185 
165026 
1187 
165028 
9381 
1189 
9382 
9384 
1192 
9386 
1194 
9387 
1197 
1199 
1201 
1202 
9396 
1209 
1210 
9403 
1211 
214205 
148670 
9406 
1214 
9409 
9419 
222413 
1233 
1234 
165076 
165077 
1237 
165080 
165081 
165082 
9434 
115933 
1245 
222430 
222432 
115937 
1249 
115938 
1250 
115939 
1251 
165092 
1252 
222437 
165094 
1254 
1255 
1256 
500969 
222442 
1258 
222443 
1259 
1260 
500973 
1261 
115951 
500977 
1265 
500980 
500982 
500984 
222456 
500985 
500986 
500987 
1275 
500989 
107773 
500990 
9470 
500991 
500993 
500994 
1282 
500995 
1283 
132358 
1286 
132360 
1288 
1289 
501002 
501003 
1291 
1292 
501005 
1293 
1294 
1296 
501010 
9490 
1300 
501013 
1301 
1302 
1303 
501016 
9497 
1307 
9500 
501023 
1312 
1314 
501027 
1315 
66852 
9508 
1316 
501029 
66853 
501030 
1319 
501032 
9512 
1320 
1321 
501034 
9514 
1322 
501035 
1323 
501036 
1324 
501037 
1325 
501038 
9518 
1326 
501039 
1328 
1330 
501043 
1331 
501044 
1333 
501046 
34102 
1334 
1335 
501048 
1336 
501049 
501050 
1338 
9531 
1339 
9532 
501053 
9534 
501055 
501057 
501058 
501059 
501061 
501062 
501066 
501067 
501068 
9548 
1357 
501072 
501073 
9554 
501075 
501079 
501080 
9564 
501088 
501089 
312674 
9571 
9576 
501098 
501099 
9579 
501100 
501101 
501103 
9584 
9586 
9588 
501110 
1398 
501111 
501112 
1404 
501117 
501118 
1406 
501119 
9599 
1407 
501120 
501121 
501122 
501123 
1412 
1413 
9606 
1414 
501127 
1415 
1418 
501131 
1419 
9613 
1422 
1424 
501137 
501140 
9620 
1428 
9621 
9622 
501143 
501144 
9625 
1433 
501147 
1435 
1437 
501150 
9630 
501151 
501156 
9636 
1444 
501157 
501158 
501159 
9643 
501164 
9647 
17843 
9651 
1460 
1461 
9654 
9655 
1463 
1464 
501177 
1465 
501178 
9658 
9659 
1467 
9660 
9661 
9662 
1470 
501183 
173503 
1472 
501185 
1473 
1475 
1476 
9669 
1477 
9671 
1479 
1480 
501193 
1481 
501196 
9676 
9678 
1486 
501199 
1487 
501200 
1490 
1491 
501204 
9684 
9685 
1493 
501206 
9686 
1494 
501207 
501209 
1497 
501210 
1499 
501213 
1503 
214496 
501217 
214497 
1505 
501218 
214498 
1506 
214499 
1507 
501220 
214500 
1508 
1510 
99815 
1511 
501224 
1512 
214505 
501229 
214509 
99821 
214510 
99822 
1518 
501231 
501232 
214512 
501235 
214515 
99827 
501236 
99828 
99829 
99830 
501239 
501242 
99836 
9727 
116224 
501249 
116225 
99841 
1543 
1544 
116234 
501259 
116235 
1547 
214541 
9741 
99854 
501264 
501265 
116241 
116242 
9747 
501268 
501269 
1562 
501275 
9755 
1563 
501276 
1564 
1565 
149022 
9758 
501279 
501280 
501282 
9762 
501283 
501286 
9767 
501288 
9768 
501289 
9773 
501294 
149038 
9774 
149039 
9775 
9776 
1584 
149041 
1585 
1586 
9779 
1587 
321076 
9780 
1588 
501303 
9783 
1591 
501304 
1592 
9786 
9787 
501308 
9789 
1597 
1598 
1599 
1600 
501313 
9795 
1603 
9796 
9798 
501319 
9799 
501320 
9800 
501321 
9802 
9805 
501327 
9809 
1617 
501331 
9811 
9812 
501333 
9813 
501334 
9814 
239191 
9815 
1625 
501338 
9818 
1628 
501342 
501343 
1631 
1632 
1633 
9826 
1634 
501348 
1636 
501349 
132710 
9831 
501352 
9832 
9834 
1642 
1643 
1646 
1647 
501360 
1648 
501361 
501362 
1650 
501363 
1654 
9847 
1657 
9851 
1659 
501372 
9852 
501374 
501375 
501376 
173698 
9858 
173699 
501380 
173700 
501381 
9861 
9862 
173703 
67207 
173704 
1672 
173705 
9865 
173706 
9866 
173707 
9867 
1676 
501389 
9869 
1677 
9870 
9871 
1682 
9875 
1683 
9876 
501400 
173721 
1689 
1690 
1692 
1693 
501406 
501407 
501408 
501409 
9889 
1700 
9893 
501415 
42665 
9897 
1706 
501419 
9899 
1707 
501421 
9901 
1709 
1710 
501423 
501426 
501427 
9907 
9909 
1717 
1718 
1719 
501433 
9913 
1721 
501434 
9914 
1722 
9915 
501436 
9916 
1724 
1727 
1728 
501441 
1729 
9922 
1731 
1732 
1733 
26311 
1735 
26312 
1736 
501450 
1738 
1739 
501454 
1742 
1743 
1744 
9937 
91858 
9939 
1747 
1749 
1750 
1761 
501474 
9955 
9956 
9958 
1766 
9960 
9961 
9962 
501483 
1771 
501484 
1772 
501485 
501488 
321266 
1780 
321269 
1781 
1782 
1787 
501500 
501502 
1790 
501503 
1791 
501507 
501508 
9989 
1798 
1799 
9992 
1801 
501519 
9999 
501520 
10000 
501522 
501523 
10005 
501526 
206614 
91926 
10006 
1814 
501527 
206615 
1815 
501530 
18202 
501531 
10012 
10013 
10015 
1824 
501537 
501544 
10026 
10027 
501551 
206640 
1840 
501553 
1841 
18227 
501557 
10039 
1847 
501560 
18232 
501561 
1849 
1851 
1852 
1853 
1855 
10049 
501571 
501572 
10052 
1860 
1861 
1862 
1866 
1867 
10060 
501581 
1873 
1876 
10070 
10071 
1879 
1881 
501595 
10076 
10077 
10078 
10079 
501600 
501602 
10083 
501604 
501605 
10085 
1893 
501606 
10086 
10087 
141160 
10088 
501609 
501610 
10090 
10091 
10092 
10093 
10094 
10095 
1905 
10099 
1907 
18292 
10101 
1909 
10102 
1910 
141175 
10103 
1911 
10104 
10105 
1913 
141178 
10106 
1914 
501627 
10107 
501628 
141180 
10108 
501629 
10109 
1917 
501630 
10110 
165759 
501632 
501633 
10113 
1921 
501634 
247682 
501635 
247683 
59267 
247685 
1925 
247686 
59271 
67464 
59272 
1928 
501641 
165769 
10121 
501643 
10123 
1931 
1932 
1934 
1935 
1936 
501649 
26513 
10129 
1937 
141202 
501651 
165779 
10131 
1939 
501653 
10133 
10135 
1946 
501661 
1949 
501662 
501663 
1951 
501665 
141217 
1953 
501666 
501667 
141219 
501668 
141220 
10148 
1956 
141221 
10149 
501670 
10150 
1958 
1959 
501673 
1961 
501674 
1963 
10156 
1964 
10157 
1965 
501678 
1967 
501680 
10160 
1968 
174001 
174002 
10163 
501687 
59319 
10167 
501688 
59320 
501689 
10169 
501690 
10172 
1981 
501694 
501695 
10178 
10180 
501701 
206790 
1991 
501704 
1993 
1994 
501707 
10187 
501708 
1996 
501709 
1997 
10190 
1998 
501713 
501717 
2007 
501720 
2008 
10202 
10205 
2013 
501729 
2020 
501733 
2022 
501735 
26599 
501736 
501737 
2025 
501738 
501739 
2028 
10221 
2029 
10222 
10223 
42992 
2032 
501745 
2034 
501748 
501750 
10233 
2042 
501758 
59390 
501759 
59391 
2047 
501760 
59392 
10242 
2050 
501763 
59395 
59397 
2053 
2054 
501769 
43019 
10251 
43020 
2060 
501774 
43022 
501775 
10255 
501776 
10258 
501780 
10260 
10266 
501787 
501789 
10270 
2078 
501791 
10271 
501796 
10277 
501799 
501802 
501803 
34861 
501807 
501809 
10289 
2098 
2100 
501813 
2101 
501824 
501826 
2114 
2115 
2116 
501829 
501830 
2118 
2119 
10312 
174154 
10314 
501835 
10315 
501836 
2126 
501840 
2132 
501845 
10326 
10327 
501848 
2136 
501856 
501857 
125033 
75881 
2153 
501866 
75882 
125035 
2155 
2156 
125037 
501871 
198774 
2166 
2167 
10360 
2169 
10362 
2170 
10363 
2171 
10364 
10365 
501888 
10372 
10373 
2181 
2182 
501895 
10375 
2183 
10376 
2185 
501898 
10378 
2186 
501899 
239755 
198795 
2187 
501900 
239756 
10380 
2188 
501901 
2189 
10383 
10386 
2194 
501907 
10387 
501909 
10389 
26775 
10392 
10395 
501916 
10396 
501917 
10397 
2205 
501918 
10398 
10399 
10400 
2208 
10401 
2209 
10402 
10403 
501924 
10405 
26791 
10407 
10411 
10412 
10413 
501934 
10414 
501935 
10415 
10416 
10417 
501938 
10418 
2226 
10419 
501940 
2228 
2229 
10424 
501946 
10426 
501947 
35005 
501953 
10434 
2244 
2245 
10439 
501960 
2248 
10441 
2249 
2250 
501963 
501965 
2254 
2255 
10448 
2258 
10451 
2260 
2261 
501974 
2262 
2264 
67802 
501979 
67803 
2267 
10460 
2269 
2270 
2271 
501984 
10464 
10465 
10468 
10469 
501994 
10474 
2282 
10475 
501996 
10476 
501997 
10477 
10478 
2286 
10479 
2287 
2288 
10481 
10482 
10484 
2293 
76022 
10486 
502007 
10487 
2295 
10488 
502009 
502010 
10490 
502013 
10493 
2301 
10495 
502016 
10496 
10497 
502018 
10498 
502019 
502020 
10503 
108809 
502026 
108810 
10506 
108811 
10507 
502028 
108813 
502030 
108814 
502031 
502033 
108817 
10514 
10516 
2325 
10518 
2326 
10519 
2327 
108824 
10520 
10521 
10522 
2330 
2331 
502045 
10525 
2333 
108830 
502049 
108833 
10529 
2337 
10530 
10533 
2341 
10534 
2342 
10535 
10536 
502058 
10538 
502062 
2350 
502064 
10544 
2353 
2355 
10549 
2357 
2358 
502071 
2359 
10552 
10554 
2362 
502075 
10556 
2364 
502077 
10557 
2365 
2366 
10560 
10561 
2369 
2371 
10564 
2372 
108869 
10566 
2375 
10568 
502089 
10569 
502090 
10570 
502092 
10574 
502095 
2383 
10578 
502099 
2387 
502101 
502102 
10582 
10583 
502104 
2392 
2393 
502107 
10587 
2395 
502108 
10592 
108897 
10594 
10595 
2403 
108900 
10596 
502117 
10597 
10598 
10600 
108905 
10601 
502122 
502124 
502125 
10605 
502126 
502127 
10608 
502130 
10610 
108915 
502132 
108917 
108918 
108919 
502137 
10617 
2425 
2426 
502141 
84350 
2431 
84352 
502145 
502146 
2434 
502149 
108934 
502152 
108936 
502153 
108937 
108938 
502157 
10638 
502159 
10640 
502161 
2451 
502164 
2452 
84374 
502167 
2455 
84376 
2456 
502169 
2458 
502173 
2462 
502177 
502186 
502187 
2476 
502189 
2477 
502190 
502191 
2479 
10673 
2481 
502194 
10674 
2482 
502199 
2490 
141755 
502204 
10684 
502205 
502206 
141758 
141760 
2498 
2499 
2500 
502214 
2502 
2503 
2504 
502217 
199113 
2505 
502218 
199114 
2506 
502219 
199115 
2507 
502220 
2508 
502221 
2509 
2510 
502223 
10703 
2511 
10704 
2512 
2514 
10707 
2515 
10708 
2516 
10709 
2517 
2518 
10711 
2519 
92632 
2520 
2521 
10714 
502235 
199131 
10715 
92637 
502238 
92638 
10718 
502239 
59871 
10719 
10720 
199138 
502244 
59877 
10728 
2536 
92649 
2537 
92650 
2539 
502252 
92652 
2540 
2541 
2542 
502255 
2544 
502258 
92658 
2546 
502259 
92659 
2547 
502260 
2548 
2549 
502262 
502263 
10743 
2551 
2552 
502265 
2553 
10746 
2554 
10747 
2555 
2557 
10750 
10751 
2560 
2562 
10755 
502276 
10756 
502277 
10757 
2565 
2566 
502279 
10759 
2567 
2569 
502282 
502283 
2571 
10764 
2572 
10765 
502286 
10766 
10767 
2575 
10769 
10773 
502294 
10774 
10776 
2584 
2585 
502298 
2586 
10779 
2587 
10780 
2589 
2590 
502303 
10783 
502304 
2592 
10785 
2593 
502306 
10786 
2594 
2595 
2596 
2597 
502310 
2598 
502311 
2599 
10792 
2600 
10793 
10795 
2605 
10798 
2606 
10799 
59952 
10800 
2608 
502321 
59953 
502322 
2610 
502323 
59955 
10803 
2611 
502324 
10804 
2612 
10805 
2613 
10806 
2615 
2616 
2617 
10811 
2619 
10812 
2620 
502333 
68157 
502334 
10815 
363072 
10816 
502342 
10822 
502344 
59976 
10825 
2635 
10828 
2636 
502349 
502350 
10835 
10839 
10841 
2649 
502362 
10842 
2653 
2654 
2655 
2656 
502369 
502371 
232035 
502372 
10852 
68197 
133734 
100967 
100968 
100969 
10859 
240236 
199276 
199277 
10861 
502382 
10862 
100975 
199280 
100976 
100977 
10866 
2674 
502387 
100979 
502388 
2677 
2678 
117367 
10871 
2679 
10872 
10874 
10875 
2683 
502396 
10876 
2684 
10877 
10878 
10879 
502400 
2689 
232066 
2690 
10884 
2693 
2694 
2695 
117385 
35465 
117386 
35467 
35468 
101005 
2701 
35470 
2703 
68240 
101009 
502418 
35475 
101012 
35476 
35477 
2709 
207510 
35478 
35479 
2711 
502424 
35480 
2714 
158363 
101020 
10908 
101023 
10912 
101025 
101027 
207524 
502438 
502439 
502440 
207528 
158376 
158377 
10927 
101040 
101041 
35505 
101043 
2739 
101045 
10933 
199351 
101047 
35511 
10935 
2743 
502456 
199352 
109240 
101048 
35512 
2744 
502457 
502459 
207547 
10939 
2747 
199356 
35516 
2748 
199357 
10941 
502462 
199358 
109246 
10942 
502463 
2751 
502464 
502465 
502466 
117442 
502468 
117444 
117445 
10951 
101064 
101065 
101067 
10955 
158412 
10956 
158413 
2767 
191184 
2768 
2770 
35539 
2771 
35540 
2772 
502485 
35541 
10965 
2773 
502486 
35542 
502488 
158424 
2776 
158425 
2777 
2778 
158428 
502493 
2781 
10977 
117474 
502501 
10981 
502502 
10982 
502504 
10984 
2798 
76527 
2799 
35568 
76529 
35569 
502514 
2802 
502515 
76531 
502517 
150262 
2806 
76535 
35575 
10999 
117496 
2808 
35577 
11001 
2809 
43770 
35578 
117499 
2811 
502524 
117500 
43772 
2812 
43773 
76542 
35582 
158463 
43775 
2815 
43776 
2816 
158465 
43777 
502530 
11010 
150275 
35587 
11011 
11012 
502533 
43781 
11013 
502534 
11014 
502535 
11015 
11016 
117513 
117514 
11018 
11019 
158476 
11020 
2828 
43790 
11022 
2830 
2831 
2832 
11025 
2833 
502546 
2834 
502547 
11027 
2835 
502548 
2836 
11029 
11030 
11031 
2839 
11032 
2845 
2850 
11043 
232228 
2852 
232229 
232230 
2854 
11047 
2856 
502569 
2857 
502570 
11050 
2858 
11051 
11052 
11053 
11054 
2862 
502575 
502576 
11057 
2866 
2868 
199477 
11062 
2870 
11063 
11064 
199481 
11065 
11067 
2875 
11068 
11069 
11070 
11071 
52032 
11072 
52033 
11076 
11077 
2885 
11078 
2886 
11079 
11081 
11082 
11084 
11085 
11087 
11089 
11091 
2900 
11095 
2903 
2904 
11097 
2905 
11099 
11101 
11103 
11104 
11105 
43875 
11107 
43876 
43878 
43879 
43880 
11112 
11113 
11114 
43883 
43884 
11116 
2924 
11117 
297838 
158574 
43886 
11118 
158575 
43888 
11121 
43890 
11122 
11123 
363381 
11125 
43894 
11126 
11127 
11128 
76665 
11129 
11130 
11131 
11132 
11135 
11136 
11138 
11140 
109446 
2950 
11143 
2951 
11144 
2953 
2954 
11147 
2955 
11148 
2956 
11156 
43925 
11158 
11160 
2981 
2982 
2983 
2985 
2986 
2987 
2994 
43955 
2998 
11193 
76730 
11197 
3005 
11198 
3006 
11199 
3007 
11200 
3009 
76741 
76742 
11206 
76743 
76744 
11209 
11210 
3019 
3022 
76751 
11215 
76752 
11216 
76754 
3026 
76755 
11219 
3027 
76761 
3039 
3040 
76769 
11233 
11234 
3042 
11235 
3043 
11236 
3044 
11237 
11238 
11239 
11240 
76778 
11245 
3053 
11246 
3055 
117744 
11248 
3056 
3057 
117747 
11251 
11252 
11253 
3061 
11254 
11256 
11257 
11258 
3066 
11259 
3067 
3068 
3069 
3070 
3071 
11266 
11267 
3075 
3076 
11269 
3077 
3078 
3079 
11272 
3080 
3081 
3084 
3085 
3086 
3087 
11283 
11284 
3093 
3094 
3095 
3096 
3097 
11290 
3099 
3100 
3101 
11294 
3102 
3103 
3106 
199715 
3107 
68644 
3108 
199718 
199719 
199721 
3113 
199722 
3114 
199728 
3121 
3126 
3127 
3129 
3131 
3133 
3134 
3135 
11330 
3138 
11331 
3139 
3140 
11333 
3141 
3142 
11335 
3143 
3144 
11337 
3145 
3146 
3148 
11342 
3150 
11343 
3151 
3152 
3153 
11347 
3155 
101460 
11348 
3156 
3158 
3159 
11352 
3160 
3161 
3162 
11355 
3163 
3167 
3168 
3169 
101474 
101475 
3171 
3173 
101478 
167015 
101479 
167016 
101480 
11368 
3176 
3178 
11373 
3181 
3182 
11378 
11379 
3187 
11383 
3191 
3192 
3194 
3201 
3202 
11395 
44166 
3206 
3207 
3208 
44171 
3211 
11409 
3218 
3219 
3222 
3223 
3224 
44185 
3226 
3227 
3228 
3229 
3230 
3233 
44194 
44196 
19627 
3243 
3244 
19629 
3246 
3249 
3250 
3251 
11444 
3252 
3253 
3259 
3260 
3261 
3262 
3264 
3267 
11462 
3270 
85193 
117963 
85195 
85196 
11471 
11472 
117971 
3284 
3285 
11479 
11480 
3289 
3290 
11484 
3292 
11489 
11490 
11499 
68844 
11501 
11502 
11503 
11504 
11505 
11506 
3323 
3325 
3327 
3329 
3330 
3335 
11531 
27919 
11538 
11543 
232728 
11545 
11550 
11553 
3366 
11559 
306475 
412979 
68915 
27955 
52535 
3389 
3391 
68928 
68931 
68932 
3399 
3402 
3403 
3404 
3405 
68942 
3406 
11601 
3414 
3415 
3416 
3417 
3419 
3420 
3421 
109919 
109920 
3424 
109922 
3427 
3428 
3429 
11623 
3431 
11624 
3432 
11626 
3434 
3439 
3440 
3442 
11635 
3445 
3446 
3447 
3448 
11643 
3452 
3453 
11646 
3454 
11648 
3457 
11651 
11652 
3460 
3463 
3465 
11658 
11659 
11660 
3468 
3469 
3470 
11663 
3473 
3474 
11669 
11670 
3478 
3479 
11672 
3481 
3483 
3484 
3485 
3494 
11689 
167343 
11703 
11704 
11705 
3513 
11706 
3514 
3521 
3522 
3527 
3528 
3530 
3531 
3533 
11726 
3544 
11737 
11739 
11740 
11744 
11752 
11755 
3563 
11757 
93678 
11758 
93679 
93680 
11760 
11761 
3569 
11762 
93684 
3572 
93685 
11766 
11767 
93688 
93689 
11770 
11772 
11773 
11775 
11783 
93706 
11787 
93709 
93710 
3599 
11795 
11796 
93717 
3607 
11800 
11803 
3612 
3613 
3614 
11813 
93734 
93735 
11817 
3625 
93739 
11822 
11823 
3631 
11824 
11825 
3633 
11827 
3635 
11828 
3637 
11830 
11831 
11832 
93755 
3645 
11838 
3646 
93761 
93762 
93763 
3655 
3659 
3660 
3665 
3666 
11859 
11860 
20053 
11861 
11862 
11863 
11867 
11868 
11869 
11870 
11871 
11872 
11873 
11874 
11879 
11882 
11885 
36462 
11886 
36464 
11888 
11889 
11890 
11892 
11893 
3703 
3704 
11897 
3706 
3708 
11901 
11902 
3711 
20096 
3712 
3713 
11909 
11912 
36489 
11913 
3723 
11917 
3725 
3727 
52881 
3729 
3731 
36503 
11928 
36506 
11930 
36507 
69277 
11935 
11938 
36517 
11949 
11950 
11951 
11952 
11953 
11961 
3771 
28351 
28352 
3776 
28353 
3777 
28355 
3781 
118471 
11975 
118472 
102091 
11981 
3792 
3795 
3796 
28373 
11989 
11990 
11991 
192219 
126683 
11995 
126684 
11999 
290530 
12003 
12008 
3827 
12021 
3829 
3831 
3832 
12025 
3834 
3835 
3838 
3841 
12034 
12035 
12037 
28423 
126729 
28425 
3850 
216843 
28428 
3852 
28430 
3854 
3855 
3857 
3859 
3860 
28438 
3862 
3863 
3864 
3866 
3867 
3868 
28445 
3869 
3871 
3872 
28450 
12066 
28461 
28462 
28464 
3889 
28466 
3891 
28469 
3893 
28470 
3894 
28471 
12087 
28473 
12090 
192317 
28477 
12093 
3902 
3903 
53058 
12098 
192323 
12099 
3910 
3911 
3915 
12111 
3919 
12115 
3923 
12116 
3928 
110426 
3930 
126811 
3931 
126813 
126817 
126818 
126819 
110435 
3940 
3941 
44902 
110439 
110440 
53103 
53104 
53105 
53106 
53110 
126841 
53113 
53114 
126849 
44935 
44938 
3978 
3980 
3982 
12176 
3984 
3986 
12179 
3987 
3988 
3989 
3991 
3992 
44953 
3993 
44954 
20378 
3994 
282523 
44955 
3995 
44957 
3998 
12191 
4000 
12193 
4001 
126882 
12195 
126885 
126887 
126889 
4009 
28586 
126892 
53164 
85939 
217013 
12213 
4021 
53174 
217017 
85948 
53181 
4029 
53182 
4031 
53184 
4036 
85959 
85961 
4041 
85964 
12236 
4047 
4048 
12241 
4051 
12244 
4052 
282581 
85973 
282582 
12246 
4056 
4058 
12251 
4062 
4063 
12256 
4064 
4069 
4070 
4071 
4072 
4073 
4076 
4077 
4078 
4081 
4082 
4084 
143349 
4086 
4087 
143352 
4090 
4091 
4092 
4093 
12293 
4103 
12297 
4108 
12301 
12305 
4114 
4117 
4119 
4120 
4121 
12314 
4122 
12317 
12318 
4126 
12319 
12321 
12322 
94244 
94245 
94246 
12333 
4141 
12335 
94256 
12336 
4154 
4159 
4165 
4166 
12363 
12364 
4174 
4179 
4180 
4181 
12374 
4182 
405591 
4183 
4185 
4186 
4187 
4188 
12381 
4189 
127070 
86111 
12384 
4193 
86114 
4195 
86117 
4198 
4200 
4202 
12395 
4203 
12396 
4206 
209007 
12399 
12400 
12401 
4209 
12402 
12403 
4211 
12404 
4212 
4214 
12411 
4219 
12412 
12414 
12415 
12416 
12421 
12422 
12423 
12424 
12425 
12426 
12427 
4235 
12428 
61583 
4240 
4244 
12437 
12440 
4250 
4252 
4253 
4255 
4256 
4257 
4260 
4261 
12457 
12459 
118959 
12463 
4271 
118960 
12465 
4274 
12468 
4276 
4277 
4278 
4279 
4280 
4281 
4282 
4283 
102588 
4284 
102589 
4286 
12479 
118976 
4288 
118978 
12482 
4290 
102596 
102597 
12485 
4293 
53447 
4295 
4296 
12490 
4300 
4302 
12495 
4303 
12496 
4304 
12499 
4308 
12502 
12509 
4318 
12513 
4321 
4322 
4323 
4325 
4326 
12519 
12522 
135403 
4331 
12524 
12525 
4333 
12526 
12527 
4336 
4338 
4339 
4341 
4342 
4343 
4344 
4345 
12538 
4346 
135421 
4350 
4351 
4355 
12549 
12554 
135436 
12558 
12559 
135441 
12568 
12569 
12570 
4378 
12571 
12572 
4381 
12575 
12576 
12577 
4385 
12578 
12579 
4387 
12581 
12582 
12583 
4392 
12585 
12586 
4394 
12587 
12588 
12589 
184623 
12591 
12593 
12594 
12595 
4406 
4409 
4415 
12608 
4417 
12611 
12613 
4421 
12614 
4423 
12616 
4424 
184649 
4425 
12618 
4426 
4427 
12621 
4429 
4431 
4432 
12626 
4434 
37203 
4436 
4437 
4438 
4439 
12634 
12639 
12641 
12642 
12643 
127334 
12646 
12648 
127337 
127338 
127339 
127340 
12656 
12658 
4470 
12667 
4481 
12674 
4485 
4486 
78217 
12681 
4490 
12683 
12687 
12688 
12689 
4497 
4499 
12699 
12700 
12703 
12706 
12707 
12709 
12710 
12714 
12716 
12719 
12724 
12725 
12729 
4539 
4540 
70077 
70079 
4543 
4544 
4545 
12738 
70083 
4547 
4548 
4549 
70088 
12744 
70089 
4553 
4555 
12748 
12749 
4557 
4559 
61904 
12752 
4564 
61909 
4565 
4566 
4568 
4570 
4571 
12766 
4574 
12768 
4576 
4577 
4578 
45539 
4581 
4582 
4583 
4585 
12779 
4587 
45548 
4588 
4589 
4590 
12783 
4591 
4593 
4594 
4595 
4596 
4597 
70134 
12790 
4598 
4599 
4600 
4601 
4602 
4603 
4605 
4606 
4608 
4610 
4611 
193028 
193029 
12805 
4613 
193030 
4614 
193031 
193032 
4616 
193033 
4618 
4619 
12812 
4621 
4622 
12815 
4624 
12818 
4626 
12819 
193044 
12820 
4628 
4629 
4630 
4631 
12824 
12826 
4635 
12828 
4637 
12830 
4638 
12831 
4639 
4640 
4644 
12837 
4645 
12838 
4647 
4648 
4649 
4650 
4651 
4652 
4653 
4654 
12849 
12850 
12851 
184887 
29239 
12855 
184888 
29240 
184889 
37433 
12857 
4667 
184892 
4668 
78397 
4669 
4674 
70212 
70213 
12869 
12871 
94793 
4681 
4684 
160333 
4685 
12879 
4687 
12883 
12884 
12889 
12890 
4699 
4700 
4703 
12896 
4704 
12899 
12901 
4709 
12902 
4711 
4712 
4714 
12907 
4715 
12908 
4720 
4723 
4726 
12919 
4727 
12920 
4730 
111228 
12924 
111229 
111230 
356992 
12929 
4737 
4738 
12931 
4739 
4742 
4743 
4744 
4745 
4748 
12944 
4752 
12947 
4763 
4765 
12958 
4766 
4767 
4769 
12962 
4772 
12965 
4773 
12966 
4774 
4776 
185001 
4777 
12970 
4778 
185003 
185004 
4781 
4782 
111279 
4784 
4785 
111283 
12979 
4787 
185012 
111284 
12980 
185013 
4791 
4801 
4802 
12996 
4804 
12998 
4806 
4809 
4811 
13004 
4812 
4815 
4816 
4819 
13013 
4821 
13014 
4822 
4823 
4824 
4826 
4828 
4830 
111327 
62175 
185056 
13025 
4833 
185059 
4837 
4839 
13033 
160493 
13038 
160495 
160496 
111344 
160497 
111345 
4850 
111347 
4851 
160500 
13044 
4852 
160501 
111349 
13045 
111350 
4855 
111353 
4858 
4862 
4863 
4866 
4867 
4868 
275205 
275206 
160518 
160519 
13063 
4871 
160520 
13064 
4872 
4873 
160522 
4874 
160523 
13067 
160524 
160525 
160526 
185103 
13073 
4881 
185106 
160531 
4885 
13078 
13083 
13090 
4900 
185125 
4902 
13095 
4905 
13100 
4909 
13102 
4910 
13104 
275249 
86838 
13111 
86840 
13112 
4920 
185145 
86842 
13114 
86843 
13115 
13116 
13119 
13120 
13121 
13122 
86852 
86853 
13125 
4936 
13129 
4939 
4940 
4942 
13136 
4947 
86869 
13141 
86870 
13142 
13143 
86872 
13144 
86873 
4953 
86874 
13147 
13148 
13153 
13154 
13155 
4966 
4970 
86891 
86892 
4983 
4984 
4987 
4988 
4989 
4991 
4992 
4993 
4997 
4999 
5000 
5001 
5002 
5003 
5004 
5007 
5009 
5010 
5013 
5015 
5017 
5027 
119718 
119719 
5032 
5034 
5066 
5072 
54225 
5074 
5076 
5077 
5078 
5080 
5083 
5090 
5091 
5095 
5098 
21484 
5101 
5103 
5104 
160753 
5110 
5111 
5112 
185337 
54266 
185339 
5115 
160768 
185346 
5130 
5131 
5132 
5145 
177179 
103452 
177182 
103454 
5152 
5153 
5156 
5157 
152614 
152616 
275497 
152620 
70702 
5166 
70703 
152625 
119857 
152628 
152629 
119864 
119865 
5177 
5178 
70715 
5179 
5180 
5182 
5183 
103489 
103490 
54338 
5186 
103491 
103492 
152645 
103493 
95301 
5189 
95302 
5190 
95303 
103496 
95304 
103497 
5193 
5195 
5197 
5199 
5203 
103509 
152662 
5206 
5207 
78938 
5210 
5211 
5213 
152670 
5220 
5221 
5222 
5223 
267369 
5231 
5232 
5233 
5236 
5238 
5242 
5245 
78974 
5247 
5248 
5249 
144516 
5252 
144517 
5253 
119942 
5254 
5255 
160904 
5256 
5257 
5258 
5260 
5261 
5264 
275601 
267409 
5265 
5268 
5270 
5271 
160920 
5272 
5274 
259227 
5275 
5276 
259229 
5277 
5278 
5279 
5283 
5284 
119973 
5285 
119975 
5287 
13480 
5288 
259241 
5289 
119978 
5290 
5291 
5292 
5295 
5300 
70840 
5305 
5306 
5307 
5308 
5310 
5312 
5315 
5318 
5319 
5320 
5327 
5330 
5332 
5334 
5336 
5349 
5351 
5353 
5354 
5357 
5362 
5363 
5364 
5368 
5371 
70912 
5383 
5388 
5389 
70927 
70928 
5393 
120082 
5394 
5395 
70932 
5396 
70933 
5400 
349465 
161051 
5406 
5409 
5411 
5412 
5424 
5426 
5430 
5440 
275780 
5444 
5447 
5448 
5451 
5452 
5453 
5454 
349519 
5456 
5461 
5462 
5463 
5464 
5466 
5469 
5470 
5473 
5474 
5475 
5482 
5490 
341370 
5500 
5505 
62851 
62860 
13709 
5520 
87441 
87442 
62866 
5522 
202137 
62882 
62888 
62889 
13745 
13751 
5559 
13753 
5561 
13754 
5562 
5563 
5565 
5568 
5569 
5573 
62919 
5591 
5594 
5621 
5625 
13848 
5680 
5681 
5683 
5684 
5685 
5686 
5689 
13883 
5692 
5693 
5694 
5696 
5700 
5701 
5702 
5704 
5707 
5712 
5713 
5717 
5727 
5728 
5731 
5733 
54887 
5735 
5736 
5737 
54890 
5738 
5739 
54892 
54893 
5741 
54894 
54895 
5743 
54896 
5744 
5747 
54900 
54901 
5750 
5751 
5752 
5754 
5755 
5756 
5760 
5763 
5764 
5767 
5770 
5771 
136844 
5772 
5773 
136846 
5784 
259737 
259738 
5786 
5792 
5793 
5797 
5798 
5800 
5802 
5803 
5804 
136893 
136894 
161471 
153280 
153281 
136902 
5830 
5832 
153294 
153298 
5843 
5844 
5847 
5852 
5853 
5854 
5855 
5859 
5860 
5864 
5865 
5866 
5868 
5869 
5872 
5874 
5877 
5878 
5879 
5880 
5881 
5883 
5884 
5887 
5888 
5892 
5894 
14095 
202512 
14096 
14099 
5907 
5908 
5910 
79640 
5913 
22299 
79648 
14112 
5922 
5923 
5924 
5926 
5927 
5932 
5933 
5935 
5936 
5940 
79676 
5949 
14142 
5952 
79681 
5962 
5964 
5965 
5967 
5968 
137041 
137042 
14162 
137043 
5972 
5974 
14167 
14168 
14169 
137050 
137051 
137052 
5993 
112503 
6009 
96129 
96130 
6020 
6021 
6022 
6023 
137096 
137097 
6027 
63372 
6028 
63373 
6035 
63381 
6037 
96150 
38806 
6038 
96151 
96152 
96153 
6041 
259994 
96155 
96156 
259997 
96157 
259998 
260001 
96161 
38820 
38821 
38823 
38833 
137140 
137142 
137145 
137146 
137147 
137148 
137151 
137152 
6083 
137156 
137157 
137159 
137160 
137161 
79817 
63434 
6100 
6101 
6104 
6105 
6106 
63451 
6108 
63453 
6109 
63468 
6129 
6130 
6131 
6133 
6134 
6137 
6138 
6139 
243708 
6141 
6142 
243715 
243719 
6159 
6162 
6163 
6164 
243733 
14358 
6166 
6168 
6179 
6181 
6182 
6183 
6185 
6186 
6189 
6194 
6196 
6197 
6200 
6210 
6211 
6215 
6216 
63562 
6219 
6220 
6221 
22606 
22607 
6224 
6225 
6232 
6233 
6234 
14439 
137320 
6264 
112765 
6270 
112767 
6273 
112771 
112772 
6276 
6286 
112789 
112791 
6295 
6298 
6299 
22685 
22686 
6302 
104607 
22687 
6303 
6311 
112808 
6313 
6314 
260271 
22703 
22707 
6324 
6326 
6327 
6335 
14537 
14538 
178379 
260300 
260307 
6359 
6360 
260315 
6364 
6366 
6367 
6369 
6381 
6385 
6387 
6389 
6390 
6414 
6415 
162064 
39190 
6433 
6435 
6438 
6439 
63784 
6441 
63786 
6442 
63789 
6449 
6451 
6452 
6455 
6456 
6458 
6459 
6460 
6462 
6463 
6464 
6465 
6468 
14662 
6470 
6471 
6472 
47433 
14669 
6478 
6479 
6483 
6484 
6486 
6487 
6488 
6489 
6490 
6492 
6493 
14688 
14689 
6497 
6498 
6499 
6501 
6502 
6503 
6504 
6506 
6507 
6508 
6510 
22896 
22898 
14708 
6516 
14709 
6517 
6519 
6520 
6525 
6530 
6532 
88453 
129414 
6534 
129415 
88455 
6535 
129416 
6538 
14732 
6540 
6541 
6543 
6545 
6546 
6548 
6550 
6552 
14745 
14746 
6554 
6558 
6560 
6562 
137637 
137638 
6569 
6570 
6571 
88492 
6574 
129463 
129464 
6589 
6591 
6592 
6594 
195019 
104912 
6614 
6617 
6627 
6633 
6634 
244203 
6635 
6636 
6637 
244206 
244207 
244212 
244213 
244215 
244218 
244219 
244220 
244222 
244223 
121345 
6657 
121346 
6658 
121347 
31236 
6660 
31237 
121350 
6664 
154121 
6667 
121357 
31245 
121359 
31247 
121361 
6674 
121364 
80410 
80411 
80412 
121373 
6685 
80414 
31262 
6686 
80415 
6687 
6688 
6691 
6692 
80421 
6693 
80422 
80423 
6696 
6698 
6699 
6700 
6701 
6702 
80432 
268849 
39473 
6705 
6707 
121396 
39476 
64053 
39477 
6709 
39478 
121399 
39479 
6711 
121400 
39480 
6712 
121401 
6713 
39483 
39484 
6716 
39485 
6717 
39486 
6718 
80449 
39489 
6733 
6734 
6735 
6736 
6737 
6738 
6739 
6740 
6741 
6742 
6743 
6744 
6746 
6747 
6748 
6749 
6750 
6751 
6752 
6756 
6757 
39539 
39542 
6783 
105094 
6792 
6793 
6794 
6797 
6798 
6799 
6800 
6802 
6803 
39572 
6804 
39574 
39576 
6811 
6813 
72352 
6820 
6821 
6822 
6824 
6826 
6828 
6834 
6836 
6837 
6840 
39609 
39610 
6845 
6846 
39615 
6848 
6851 
39620 
39622 
39624 
6859 
6860 
6872 
244443 
6875 
6877 
6878 
6880 
6881 
6884 
6885 
6886 
6888 
6889 
244461 
6893 
6900 
244470 
6904 
6916 
6917 
6920 
6921 
6930 
6931 
6933 
6934 
6937 
6938 
6944 
6945 
6946 
6948 
6950 
6951 
6955 
80686 
80687 
6961 
6962 
6967 
6972 
6973 
6974 
6975 
6977 
244546 
6982 
6983 
6993 
6995 
121685 
7016 
7019 
7021 
7022 
7027 
7028 
39799 
7035 
7036 
7038 
7039 
7040 
7042 
7044 
7045 
7046 
7047 
39816 
7048 
179082 
179087 
179090 
179091 
7059 
7062 
7063 
7067 
7068 
179103 
7071 
179104 
7072 
7073 
7075 
7076 
7083 
7087 
7088 
7089 
7093 
146364 
146366 
7102 
146370 
146372 
146374 
146377 
7115 
7116 
7117 
7118 
7121 
15314 
7123 
7124 
146389 
7125 
7131 
7134 
146399 
7135 
7137 
146402 
7139 
228325 
146405 
146406 
7144 
7146 
7147 
7148 
7151 
7154 
7156 
7158 
7159 
7162 
334844 
334845 
334847 
138239 
7167 
7172 
7173 
244744 
244746 
7178 
244748 
138252 
7180 
138253 
244750 
244751 
228367 
7183 
244752 
7186 
228371 
7187 
7188 
7190 
7191 
31768 
31769 
31770 
31771 
31772 
7196 
228381 
31773 
7197 
31774 
7198 
31775 
7202 
64547 
7203 
64548 
89127 
7207 
64552 
236597 
7221 
7222 
236601 
31803 
228412 
7228 
228413 
31806 
31807 
31808 
7232 
7234 
7236 
7237 
64583 
64584 
64585 
7241 
7244 
64590 
7246 
146515 
7251 
31828 
7254 
7255 
7257 
7258 
7259 
7261 
7269 
7271 
48233 
7273 
48234 
7275 
7276 
7277 
48238 
48239 
7279 
48240 
31857 
48243 
48244 
31860 
7284 
81016 
7288 
81018 
48250 
7291 
7292 
31870 
7296 
7297 
31876 
113797 
7301 
31878 
7303 
7304 
7307 
7308 
31885 
113806 
7310 
7311 
7312 
15506 
7314 
31891 
15507 
7315 
64660 
31892 
7316 
23704 
7324 
56478 
7328 
7331 
7333 
15528 
7344 
7345 
23738 
15553 
7361 
7362 
7367 
7368 
7371 
7372 
7373 
7377 
7378 
89299 
89301 
7381 
7382 
89306 
7386 
89308 
7388 
7389 
7390 
89311 
7391 
89312 
7392 
89313 
7393 
89314 
7394 
89315 
7397 
7398 
7399 
7400 
7401 
89322 
7403 
7406 
7407 
7409 
7413 
7414 
7417 
7419 
7420 
7421 
7422 
7423 
7424 
7425 
7427 
7432 
7433 
48395 
7435 
187660 
48396 
48397 
48398 
7439 
48400 
7440 
187665 
48401 
48402 
48406 
7446 
7448 
7458 
113955 
7460 
32039 
7463 
32040 
7465 
7466 
7467 
7468 
97582 
171311 
171313 
253235 
7475 
7476 
7477 
7478 
7482 
7483 
7484 
7488 
48453 
97606 
7495 
7496 
48457 
48458 
48461 
7501 
97615 
97616 
7505 
48466 
48467 
48471 
7511 
7512 
7513 
114019 
7525 
7527 
253289 
7529 
7537 
7541 
7542 
7543 
171388 
171389 
171396 
171397 
7557 
171400 
171402 
7563 
171404 
7566 
7570 
245140 
23957 
236950 
7574 
236951 
23959 
327067 
7579 
7580 
7581 
7582 
7583 
7585 
7586 
7588 
7589 
7591 
105898 
7594 
105899 
7595 
7596 
7597 
7599 
7601 
7607 
7610 
7613 
171460 
171461 
7621 
228806 
171463 
7623 
7624 
7625 
7628 
7629 
7630 
7631 
228816 
97747 
7635 
228820 
228821 
228822 
228824 
7640 
228825 
7641 
228827 
228829 
171485 
7645 
228830 
171486 
228832 
7649 
7650 
7653 
7654 
7655 
7656 
7659 
7660 
7661 
7663 
7665 
7666 
114164 
114166 
7671 
7674 
7676 
7678 
7679 
7680 
7681 
97794 
7682 
7683 
7684 
97797 
7685 
7687 
7688 
7689 
7691 
7695 
7697 
7699 
7706 
7707 
7708 
7711 
7715 
7720 
7721 
7723 
7724 
7725 
7728 
7729 
7731 
7732 
7733 
7734 
7735 
7736 
48697 
7737 
7740 
7741 
7742 
7743 
7744 
7746 
7747 
7748 
56903 
56904 
7752 
7755 
7757 
7758 
138831 
7759 
7761 
7762 
7764 
7767 
335448 
7768 
7769 
7770 
187995 
7771 
7773 
187998 
7774 
7775 
7777 
7778 
7779 
7780 
7781 
7782 
40551 
7783 
40552 
171625 
7786 
7787 
7788 
7789 
7792 
7793 
335475 
7796 
7797 
7798 
7801 
7805 
7806 
7807 
7808 
7809 
7810 
40579 
7811 
40581 
7813 
40582 
7814 
7815 
7816 
7817 
7818 
7819 
7820 
302733 
7821 
7822 
40591 
7823 
7824 
7825 
40594 
7826 
7827 
7828 
7829 
40598 
7830 
7831 
229016 
7832 
40601 
7835 
7837 
7838 
7840 
7842 
7844 
7845 
7849 
40619 
7851 
40620 
65197 
7853 
40622 
40623 
7855 
65200 
7856 
7857 
376498 
7858 
7859 
7860 
65205 
7861 
7862 
229047 
229048 
73401 
229050 
65211 
7867 
73404 
65213 
7869 
7870 
65217 
7873 
376514 
7880 
7881 
7882 
7883 
7884 
7890 
7894 
130775 
130776 
7897 
130780 
7900 
130783 
130785 
130786 
7906 
130788 
130789 
7909 
130790 
7910 
130791 
130793 
7913 
7914 
130795 
7917 
7918 
7919 
7921 
7922 
7925 
7927 
130809 
7931 
7932 
7933 
7934 
7935 
130816 
7936 
130817 
7938 
7939 
7940 
7941 
229126 
7942 
7946 
130827 
7948 
229133 
7953 
7954 
7955 
130836 
7956 
130840 
7960 
130841 
7961 
7962 
7963 
7964 
7965 
7966 
7967 
7969 
7970 
7972 
7973 
7975 
7976 
335657 
7977 
7979 
7985 
7986 
7987 
335674 
7994 
7995 
7996 
7998 
7999 
8000 
8001 
8002 
8003 
8007 
8008 
8009 
8010 
8014 
8019 
8026 
8028 
122719 
8039 
8044 
8050 
8056 
8069 
8071 
8072 
8075 
8082 
8083 
8088 
8089 
8090 
8091 
8092 
8093 
8094 
8097 
8098 
8100 
65445 
8101 
8102 
8109 
8111 
8112 
229298 
8119 
8121 
229310 
8139 
8140 
8143 
32720 
8144 
229330 
32722 
229332 
8149 
8150 
32727 
8151 
8152 
8155 
8159 
8160 
32737 
155622 
)

// ************************************************************************* //
