/*--------------------------------*- C++ -*----------------------------------*\
  =========                 |
  \\      /  F ield         | OpenFOAM: The Open Source CFD Toolbox
   \\    /   O peration     | Website:  https://openfoam.org
    \\  /    A nd           | Version:  11
     \\/     M anipulation  |
\*---------------------------------------------------------------------------*/
FoamFile
{
    format      ascii;
    class       faceSet;
    location    "constant/polyMesh/sets";
    object      skewFaces;
}
// * * * * * * * * * * * * * * * * * * * * * * * * * * * * * * * * * * * * * //


4503
(
507904 
507905 
524290 
507906 
507908 
507909 
507911 
507912 
507920 
524305 
507921 
516114 
507922 
516115 
524308 
516116 
507924 
516117 
507925 
516118 
516119 
516120 
516121 
524315 
507932 
507933 
507934 
507935 
507936 
524322 
524323 
507939 
507940 
507941 
516134 
507942 
524328 
507944 
516137 
507945 
516138 
507946 
507947 
524332 
524333 
516141 
507950 
507951 
516144 
507952 
516145 
507953 
516146 
507955 
507956 
507957 
507958 
516151 
507959 
516152 
507960 
516153 
507961 
81977 
516154 
507962 
73786 
507963 
507964 
507965 
507966 
516164 
516165 
516166 
516167 
524360 
524361 
524362 
524366 
524367 
524368 
524369 
524370 
524371 
524372 
524373 
524374 
524375 
524376 
524377 
516185 
524378 
516186 
524379 
524380 
524381 
516189 
524382 
524383 
524384 
516192 
524385 
524386 
524387 
524388 
508006 
508007 
508008 
508009 
516202 
508010 
516203 
516204 
516205 
508025 
508026 
516225 
516226 
508034 
516227 
508035 
516228 
508036 
508037 
516230 
508038 
516231 
508039 
508042 
516235 
508043 
516236 
508044 
508045 
516238 
516239 
508049 
516242 
508050 
516243 
508051 
524437 
524438 
516246 
516247 
516248 
524444 
516252 
524445 
516255 
524451 
508067 
524452 
508068 
508074 
524459 
508075 
524460 
516268 
508076 
524461 
508077 
524462 
516272 
516273 
524467 
524468 
508084 
524469 
508085 
508087 
508091 
508092 
508093 
524478 
508094 
516287 
508095 
516288 
524482 
516292 
516293 
516297 
516298 
516299 
508108 
508109 
508110 
508113 
508114 
508115 
524500 
508116 
524501 
524504 
516312 
516313 
508121 
516314 
508122 
516315 
508123 
516316 
508124 
508125 
508126 
524511 
508127 
524512 
508128 
508129 
524516 
524517 
524518 
524519 
524520 
524525 
524526 
508146 
516339 
524533 
221437 
524550 
524554 
508172 
508182 
516375 
508183 
516376 
516381 
508190 
508191 
516384 
516385 
516386 
524580 
508198 
508199 
524584 
8492 
508206 
508207 
524600 
508216 
508220 
524612 
508232 
508233 
508234 
516427 
508235 
508236 
524622 
524625 
524626 
524627 
508249 
508250 
508251 
508252 
508253 
524638 
524644 
516455 
516456 
516470 
524664 
516474 
516475 
516476 
381 
508290 
524680 
524681 
524686 
524690 
524691 
508307 
524692 
508308 
524693 
508309 
524694 
508310 
524695 
508311 
508313 
524699 
524700 
508320 
524705 
524706 
508333 
508336 
524723 
524726 
524727 
508346 
508347 
524734 
524735 
524738 
524739 
524740 
508356 
524741 
508357 
524742 
508358 
508359 
516553 
524746 
516554 
508365 
524750 
508366 
508367 
516560 
508368 
516561 
516562 
516564 
524757 
516565 
516566 
516567 
508376 
508379 
516574 
516575 
508383 
516576 
508384 
516577 
508385 
508386 
508387 
524772 
516580 
508388 
524773 
516581 
508389 
516582 
508390 
508391 
516586 
516587 
516588 
516589 
516592 
516593 
524786 
516597 
524791 
524792 
516600 
516601 
516602 
524795 
516603 
516604 
516605 
524799 
516607 
516608 
508416 
524803 
508424 
508425 
524810 
508426 
524811 
508427 
508428 
516622 
508430 
508431 
516626 
516627 
516628 
516629 
516630 
516631 
516632 
516633 
516634 
516635 
524828 
524830 
516642 
516643 
516644 
516645 
524838 
516646 
524839 
516647 
524840 
516648 
516649 
516650 
524843 
516651 
524844 
516652 
516653 
516654 
508462 
516655 
516656 
516657 
508465 
516658 
508466 
516659 
508467 
508468 
508470 
508471 
508472 
508476 
516670 
516671 
508479 
516672 
508480 
508483 
508484 
508485 
516678 
508486 
516679 
508487 
516680 
508488 
516681 
516687 
516688 
508496 
516689 
516690 
516691 
516692 
516693 
516694 
516695 
516698 
516699 
516701 
516705 
516707 
516708 
516711 
508520 
508521 
508522 
508526 
516724 
516725 
516726 
508540 
508541 
508543 
516740 
508548 
508549 
8839 
508556 
508557 
508558 
508559 
516752 
516753 
508561 
516754 
508564 
508565 
508566 
516759 
508567 
516760 
516761 
508570 
516763 
508571 
516764 
508572 
508573 
516767 
516768 
516772 
516773 
516797 
508606 
508607 
508608 
508609 
508610 
508611 
516804 
516824 
516825 
516826 
516827 
516828 
516829 
516833 
516834 
516838 
516839 
516842 
516843 
516844 
148206 
516850 
508658 
516851 
508661 
508662 
508663 
508664 
508665 
508666 
516859 
508667 
508668 
516863 
516875 
516877 
516878 
508689 
508690 
508691 
516884 
508692 
508696 
516891 
508699 
516892 
508702 
508703 
516901 
516902 
516904 
516905 
508713 
516906 
25387 
508716 
508724 
516917 
508725 
516918 
516919 
516920 
516921 
516923 
516927 
516935 
516936 
516937 
516942 
516943 
516952 
516953 
516954 
516961 
508795 
508796 
508797 
508798 
508799 
508800 
508801 
508802 
508803 
508804 
516997 
516998 
516999 
517000 
517007 
517011 
517022 
517023 
517027 
508851 
508852 
508853 
508854 
508855 
517048 
508856 
517049 
508857 
508862 
508863 
508868 
508869 
508870 
508875 
508876 
517074 
517083 
517092 
517093 
517101 
508909 
508910 
517107 
517108 
517109 
517114 
517115 
508923 
517116 
517117 
517118 
517121 
517122 
517134 
517141 
517142 
517143 
517144 
517145 
517146 
517147 
508956 
508957 
508958 
508959 
508960 
508965 
508966 
517163 
517164 
517169 
508977 
148529 
517170 
508978 
508980 
508981 
508982 
508984 
508986 
508987 
508988 
508993 
517186 
517187 
508996 
508997 
517191 
517193 
509001 
509002 
509003 
509004 
509006 
509007 
517206 
517211 
509022 
509023 
517217 
517218 
509041 
509042 
517236 
517237 
517239 
517240 
517241 
9338 
517246 
509054 
509055 
517256 
517257 
509085 
517278 
509086 
517279 
517281 
517282 
517283 
509098 
517293 
517294 
509120 
517317 
517318 
517319 
517326 
517327 
517330 
517331 
509139 
509140 
509151 
509153 
509154 
517348 
517352 
517353 
517354 
517355 
517357 
517360 
517361 
517362 
517366 
509177 
509178 
509183 
517376 
509184 
509191 
509192 
509195 
509196 
509199 
517392 
517395 
517396 
517397 
517400 
517402 
517403 
509214 
509215 
509224 
509229 
517446 
517450 
517454 
517477 
517478 
517479 
517482 
517483 
517485 
517486 
517490 
509298 
509299 
509300 
517493 
509301 
517494 
509302 
509311 
509312 
509313 
509314 
517508 
509318 
509319 
509320 
517520 
517521 
509329 
517522 
509330 
517523 
517524 
517525 
517526 
509334 
509335 
509336 
509337 
509353 
509354 
509355 
517550 
517551 
509359 
509360 
509361 
509362 
509363 
509364 
509365 
509366 
509367 
509368 
509369 
509370 
509371 
509384 
509385 
509390 
1487 
509396 
509397 
509398 
509399 
509403 
509404 
509405 
509406 
517599 
517600 
509408 
517601 
509409 
517604 
517605 
517608 
214510 
509426 
509438 
509439 
509440 
509441 
517634 
509442 
517639 
517642 
517643 
517644 
509456 
509457 
116241 
509458 
509459 
509460 
517653 
509461 
509462 
509463 
509464 
509465 
509466 
509467 
509468 
509469 
509470 
509471 
509472 
517665 
517669 
517670 
509478 
517671 
509479 
517674 
517675 
509491 
509492 
509493 
517686 
509494 
517687 
509495 
517688 
509499 
509500 
509501 
509502 
509503 
509504 
509505 
509508 
509509 
509510 
509514 
509515 
509516 
509517 
509518 
509519 
509520 
1617 
509525 
509526 
509529 
509530 
509531 
509532 
509533 
509534 
509535 
509537 
517730 
517731 
517732 
517733 
517734 
517735 
517739 
517740 
517741 
517742 
509557 
509558 
517751 
509559 
517756 
517759 
517760 
517764 
173700 
517765 
517770 
517771 
517772 
517778 
509587 
509588 
509589 
509594 
509595 
509597 
509598 
509600 
509601 
509602 
509603 
509604 
509605 
509606 
517799 
509607 
509608 
517801 
509623 
509624 
509625 
517826 
517827 
517833 
517834 
509644 
509645 
517847 
517848 
517849 
517853 
517854 
517861 
517862 
517863 
517864 
517865 
517868 
517869 
517891 
517894 
517895 
517896 
517897 
517898 
517902 
517904 
509712 
509713 
517907 
517908 
517909 
517910 
517912 
517913 
517914 
517915 
517916 
517917 
517918 
509729 
509730 
517923 
509731 
517924 
509732 
517925 
517928 
517931 
517932 
517934 
517935 
509743 
517936 
509744 
517937 
509745 
517938 
509746 
517939 
509747 
517940 
509748 
509749 
509750 
509751 
509752 
509753 
509754 
509755 
509756 
517961 
509773 
509774 
509775 
509777 
509782 
509783 
509784 
509785 
509786 
509787 
509788 
509793 
517986 
517987 
509813 
518006 
509814 
518007 
59271 
518026 
509834 
518027 
518028 
518029 
509839 
26513 
518034 
509849 
518054 
518055 
1959 
509872 
509876 
509877 
518071 
518089 
518090 
518091 
518092 
509900 
518093 
509901 
509902 
509903 
518096 
509904 
518097 
509905 
509906 
509907 
509908 
518105 
518107 
518108 
518109 
518110 
518111 
518112 
518113 
518114 
518124 
518126 
518127 
518128 
518129 
518130 
518131 
518132 
518135 
518138 
518139 
59391 
518144 
518145 
518146 
518147 
518159 
518160 
518161 
518162 
518163 
518164 
518165 
518180 
518181 
518182 
518188 
518189 
518190 
510010 
510011 
510012 
510013 
510014 
510015 
510016 
510017 
510018 
510019 
510020 
518213 
510021 
518216 
518219 
518225 
518228 
510040 
510041 
510042 
518236 
518237 
510046 
510047 
510048 
510049 
510050 
510051 
510052 
510053 
518254 
510063 
518256 
510064 
518257 
510067 
518261 
518262 
518263 
510071 
518264 
510072 
510077 
518270 
510078 
518271 
510079 
518272 
510080 
518273 
510081 
518274 
510082 
518275 
510083 
518276 
510084 
518277 
510085 
518278 
510086 
518279 
518280 
239755 
510092 
518285 
518286 
518287 
510095 
518288 
510096 
518292 
518295 
518296 
518300 
518301 
10398 
518311 
518312 
510156 
510160 
518354 
518356 
518357 
510168 
518364 
518365 
518366 
518367 
518368 
518369 
518370 
518371 
518372 
518373 
518378 
518384 
518385 
10481 
518386 
518391 
518392 
518393 
518396 
518397 
518398 
518399 
518400 
518401 
510209 
518402 
518405 
518406 
510214 
510215 
510216 
510217 
518410 
510218 
518411 
518412 
518413 
518420 
510230 
518425 
518426 
510234 
510235 
502045 
108830 
518433 
518434 
518435 
510243 
510244 
510245 
510246 
510247 
510251 
510254 
510256 
510257 
510268 
510278 
510283 
510295 
510298 
518494 
518495 
510305 
510306 
510308 
510309 
518505 
518508 
518509 
510317 
518510 
518511 
510321 
518518 
518519 
518520 
518521 
518523 
518524 
518525 
518526 
518527 
510335 
518528 
510336 
518529 
518530 
518531 
108933 
518536 
108939 
518540 
518544 
518545 
510354 
510355 
510356 
518549 
510357 
518550 
510358 
510359 
510361 
510362 
510363 
510370 
518565 
518566 
510374 
518567 
510376 
510377 
510386 
518595 
518596 
518597 
510407 
518601 
518604 
518605 
510423 
510424 
510425 
510426 
510427 
510428 
510432 
510435 
510436 
510437 
59877 
510438 
510439 
510440 
510441 
510442 
510456 
510461 
518660 
518671 
510479 
518672 
510480 
510481 
510484 
510485 
510487 
510493 
510494 
518687 
510495 
518688 
518712 
510520 
510521 
510522 
510523 
518717 
518733 
518737 
518738 
518751 
518756 
518770 
518771 
518772 
510586 
518781 
518782 
117386 
510603 
518797 
510606 
35470 
518800 
518801 
518802 
510610 
510611 
518808 
518809 
518810 
518829 
518830 
518841 
510649 
518842 
518843 
518844 
510653 
510654 
510655 
510659 
518852 
510660 
518853 
510661 
518854 
510662 
510663 
518856 
510664 
518857 
510665 
510666 
510667 
510668 
510669 
510670 
510671 
510678 
518871 
510679 
518872 
518874 
518875 
518876 
518883 
518884 
518885 
518887 
518888 
510696 
510697 
510698 
510699 
510700 
518893 
510701 
518894 
2798 
510706 
510707 
510708 
150262 
150275 
518922 
510742 
518935 
510743 
510744 
510745 
510746 
510747 
510748 
518941 
510749 
518942 
510750 
510751 
510752 
510753 
510754 
510755 
510756 
518955 
518960 
518963 
518964 
518967 
518968 
518980 
518981 
518989 
510797 
510798 
510799 
518994 
510804 
518997 
510805 
519000 
519001 
510813 
510826 
510827 
510828 
510829 
510830 
519023 
510831 
519024 
510832 
519025 
510833 
519026 
510834 
510835 
510836 
510838 
510839 
510845 
510846 
519041 
519042 
510850 
519043 
510851 
510852 
519045 
519046 
519048 
519052 
519053 
519061 
519062 
502685 
502689 
502690 
502692 
510888 
510889 
502701 
502702 
502703 
502705 
502706 
502707 
502708 
502709 
502716 
502717 
502718 
502719 
502722 
502723 
502725 
510918 
502726 
502727 
510920 
510921 
519114 
519115 
519119 
519122 
510930 
510931 
502745 
76761 
510947 
510953 
519147 
510959 
510960 
519157 
510965 
510969 
510970 
519163 
519167 
519171 
519172 
519173 
510981 
519174 
510982 
519175 
510983 
519176 
519177 
519178 
519179 
519184 
519185 
519186 
510994 
519187 
510995 
519188 
519189 
519190 
519191 
510999 
511001 
511002 
519198 
502818 
502823 
519213 
519214 
519215 
519216 
519217 
519218 
519219 
519220 
519223 
519224 
502840 
502841 
519230 
519231 
519234 
519235 
511044 
519241 
502857 
519242 
519243 
519244 
511053 
519246 
519247 
511055 
511056 
519255 
519258 
511066 
519259 
519260 
101476 
167015 
519283 
519284 
519285 
519297 
519298 
511111 
511114 
502926 
502934 
502935 
502936 
519324 
519325 
511136 
511137 
519330 
511138 
519331 
502947 
511140 
511141 
502950 
519335 
519336 
502953 
502954 
519339 
502955 
502956 
519349 
519354 
519355 
519358 
519359 
519360 
519362 
519363 
511174 
511176 
502984 
519371 
519372 
519373 
519374 
519375 
511184 
511185 
511191 
511192 
511200 
519393 
511201 
503009 
503010 
503011 
503012 
503013 
503014 
503015 
503016 
503017 
503018 
511214 
503022 
511215 
519424 
519430 
519431 
519435 
519436 
519440 
519441 
511255 
511256 
519450 
511259 
519459 
503075 
511268 
503076 
503077 
519465 
511273 
511274 
511275 
511278 
511281 
511282 
519475 
511283 
519476 
511284 
503093 
503094 
503095 
519480 
511288 
503096 
503097 
503098 
503099 
503100 
503101 
503102 
503103 
511296 
503104 
511297 
503105 
511299 
519502 
519503 
519504 
519505 
503128 
503129 
519514 
503130 
503131 
503134 
503135 
503136 
503137 
519522 
503138 
519523 
503139 
519524 
503140 
519525 
503141 
519526 
511334 
503142 
503143 
503144 
503145 
519530 
503146 
519531 
503148 
511341 
503149 
519534 
503150 
519535 
519536 
503152 
519537 
519538 
503154 
519539 
503155 
519540 
503156 
511352 
511353 
511354 
519550 
503167 
519552 
503168 
519553 
503169 
503170 
503171 
519556 
511364 
519557 
511365 
511366 
503176 
511374 
503182 
511375 
503183 
511376 
503184 
519572 
519573 
511383 
511384 
511385 
511388 
511392 
511393 
511394 
511395 
511396 
511397 
519597 
519598 
511412 
519605 
511413 
519606 
511414 
511417 
511420 
511421 
511422 
519615 
511423 
519616 
511424 
519617 
511425 
511427 
511428 
511429 
511430 
511431 
511432 
511433 
519629 
519633 
511442 
511445 
511446 
511447 
511448 
511449 
519644 
519645 
519646 
503264 
511457 
503265 
511458 
503266 
511459 
503267 
511460 
503268 
503269 
511462 
511463 
511466 
511467 
511468 
511469 
511470 
511471 
511472 
511473 
511475 
511476 
519672 
519673 
503291 
519677 
511487 
511488 
511489 
519683 
511491 
511492 
519685 
511493 
519686 
511495 
511496 
511497 
511498 
511499 
511500 
519694 
519700 
519701 
519703 
519704 
511512 
519705 
511513 
519706 
511514 
519711 
511519 
511522 
511523 
511524 
511525 
511535 
519728 
511536 
511537 
511538 
519733 
511542 
503350 
511543 
503351 
503352 
503353 
503354 
511548 
511551 
511552 
511553 
503361 
503362 
511555 
503363 
511556 
503364 
511557 
511558 
519752 
519760 
519761 
519762 
503380 
503381 
503382 
519776 
519777 
511586 
503395 
511588 
503396 
519782 
503399 
511593 
503402 
511596 
519792 
503410 
511603 
503413 
503414 
503415 
503420 
519805 
503421 
519806 
519807 
519809 
511617 
519810 
511618 
519811 
511619 
519812 
519814 
519815 
519816 
503439 
511645 
511646 
511648 
511650 
503460 
511669 
511670 
511675 
511676 
511677 
511681 
511682 
511683 
519889 
511705 
511706 
519902 
519903 
519904 
511719 
511720 
519914 
519919 
519920 
519923 
503543 
519928 
503547 
519932 
503548 
503558 
503559 
503562 
503567 
503568 
511762 
511765 
511767 
503577 
511772 
503588 
503589 
503590 
519978 
519981 
519982 
519985 
519986 
511794 
511795 
503605 
503606 
519998 
519999 
520006 
520007 
520008 
520009 
520010 
520011 
520012 
520013 
520014 
520015 
520016 
520017 
520018 
520021 
503642 
503643 
520028 
503644 
520029 
503645 
503646 
520033 
520034 
503651 
503652 
503653 
503654 
520039 
511847 
520040 
511848 
503657 
503658 
520043 
520044 
511852 
503660 
520045 
503661 
520046 
511854 
503662 
511855 
503663 
503664 
503665 
520050 
503666 
520051 
503667 
520052 
503668 
520053 
503669 
520054 
520055 
520056 
511864 
511865 
511866 
511868 
520061 
511869 
520062 
511870 
520063 
511871 
520064 
520065 
511873 
503681 
520066 
511874 
503682 
520067 
511875 
511876 
511877 
520071 
511879 
520072 
511880 
520073 
503689 
503690 
520075 
503691 
520076 
503692 
520077 
520078 
282523 
503709 
503710 
503711 
503712 
503713 
503714 
503715 
503716 
503717 
503718 
503719 
503720 
503721 
520106 
503722 
520107 
503723 
520108 
503724 
520109 
503725 
520110 
520111 
520112 
520113 
503731 
520117 
511925 
503733 
520118 
503734 
503737 
520122 
503738 
520123 
503742 
4031 
520129 
511937 
503745 
520130 
511938 
503746 
503747 
520133 
520134 
520135 
520138 
511946 
520139 
511947 
503758 
503763 
503764 
503765 
282581 
520160 
503783 
520170 
503786 
520171 
503787 
503788 
503789 
503790 
503791 
511984 
503792 
503798 
512006 
503816 
520203 
512011 
512014 
512015 
512016 
512017 
512019 
520213 
520215 
520216 
512024 
520217 
520222 
512030 
512033 
520226 
520227 
94246 
520232 
520233 
520236 
503852 
503853 
503854 
520239 
503855 
520240 
512048 
503856 
520242 
520243 
512052 
503860 
512053 
503861 
503862 
512055 
503863 
520248 
503864 
520249 
503865 
520250 
512058 
503866 
503867 
503868 
503869 
503870 
503871 
503879 
503880 
503886 
503887 
503888 
503889 
520277 
520278 
520279 
520280 
520281 
503898 
512092 
520287 
512095 
503915 
503916 
520301 
503917 
503918 
503919 
520306 
512116 
512119 
512120 
512121 
520314 
512122 
520315 
520316 
520322 
520323 
520324 
520327 
520339 
503961 
503962 
503963 
503964 
503967 
503968 
520353 
503969 
4261 
520358 
520359 
503984 
503985 
520370 
503988 
503989 
503990 
503991 
520376 
503992 
503993 
512186 
503994 
512188 
512189 
504002 
504003 
504004 
512198 
504012 
504013 
504014 
512207 
504015 
520400 
512208 
504016 
520401 
520404 
520405 
512215 
512216 
504028 
504029 
512227 
504035 
520420 
504036 
520421 
512235 
512236 
512237 
520430 
512238 
520431 
520432 
520433 
504049 
520434 
504050 
520435 
504051 
520436 
504052 
504053 
504054 
504055 
504056 
504057 
504058 
512251 
504059 
520444 
512252 
504060 
520445 
512253 
520446 
512254 
512255 
512256 
512259 
504073 
504074 
504076 
520461 
512269 
504077 
520462 
512270 
512274 
520467 
512275 
520468 
512276 
512277 
512279 
520472 
504088 
520473 
512281 
504089 
512282 
512283 
512284 
520481 
504097 
520484 
520485 
520488 
520489 
504105 
504106 
520494 
520495 
520506 
512314 
520507 
512317 
512318 
512319 
504127 
512320 
504128 
512321 
512322 
504130 
504131 
512324 
512325 
512329 
512330 
512331 
504139 
512332 
504140 
512333 
512334 
512335 
512336 
504144 
512338 
512339 
504147 
504148 
512341 
504155 
504171 
512364 
512366 
520559 
512367 
520560 
512371 
512372 
512373 
512374 
512375 
512376 
512377 
504185 
512381 
520595 
504219 
504220 
504221 
504230 
504231 
520619 
520620 
504237 
504238 
504239 
504240 
504241 
504242 
504243 
512436 
504244 
512437 
512438 
512439 
512440 
512443 
504254 
512450 
512456 
512457 
512458 
512459 
512460 
512461 
512462 
512463 
512464 
512465 
512466 
520659 
512467 
520660 
504279 
512472 
504280 
512473 
512474 
520667 
512475 
520668 
512476 
520669 
520670 
520672 
512481 
512482 
512483 
512484 
512485 
512486 
520680 
504301 
504302 
512495 
504303 
504304 
512498 
512499 
504307 
512500 
504308 
512501 
504309 
504310 
504311 
504312 
504313 
504314 
504316 
504317 
504319 
504320 
504321 
504331 
520716 
520717 
520718 
520719 
512527 
520720 
520721 
520722 
520723 
520724 
512535 
512536 
512546 
512556 
512557 
512558 
512559 
512560 
512561 
520754 
512562 
512563 
512564 
512565 
520758 
184887 
520762 
520763 
520764 
512574 
512575 
512576 
512583 
512584 
520778 
512586 
520779 
512587 
512588 
512589 
4685 
512590 
520785 
520786 
520787 
512604 
512608 
512609 
520802 
512610 
520803 
512611 
512612 
512618 
512623 
512624 
512625 
512626 
512627 
512628 
512629 
512630 
512631 
520824 
512632 
520825 
512633 
520826 
512634 
111228 
520830 
520831 
520832 
512640 
520833 
520834 
520836 
512644 
520837 
520838 
520844 
520845 
512659 
512660 
520853 
520854 
512668 
512669 
512670 
512671 
512672 
512674 
520868 
520869 
520870 
512678 
520871 
520872 
504493 
504494 
512698 
512703 
512713 
512714 
520914 
520915 
520917 
520918 
520927 
520928 
512736 
520930 
512739 
512742 
520937 
512747 
520940 
520941 
512749 
512750 
520944 
520949 
512759 
520952 
512760 
512761 
512765 
512766 
520959 
512767 
512768 
512769 
512770 
4874 
520974 
520978 
520979 
512787 
520980 
520981 
512790 
512793 
504632 
504633 
185145 
504635 
504636 
504637 
504651 
504652 
521047 
521048 
521049 
521050 
521060 
521061 
521062 
521063 
521064 
521065 
521066 
521067 
521068 
521069 
512880 
512881 
521075 
521078 
512888 
512889 
521082 
512890 
521083 
512891 
512892 
512893 
512894 
521090 
521095 
521096 
521100 
521101 
512917 
512918 
512919 
512920 
512927 
512928 
512929 
512930 
521126 
512934 
521127 
512935 
521128 
512936 
521137 
521143 
512957 
512958 
521151 
521152 
521156 
521157 
521158 
521177 
521179 
521180 
512988 
521207 
521210 
521214 
504836 
504837 
504838 
504839 
504840 
504841 
521236 
504856 
521241 
521242 
504863 
504864 
504865 
513059 
513060 
513061 
513062 
513063 
513064 
504872 
513065 
504873 
513066 
504874 
521259 
521260 
504876 
521261 
504877 
504878 
521264 
521265 
521266 
504888 
504889 
504890 
521275 
504891 
521276 
504892 
504893 
504894 
95302 
521287 
513099 
504907 
504908 
504909 
504910 
504911 
513125 
513130 
504939 
521337 
521338 
521339 
521340 
513152 
513153 
513156 
521351 
521352 
521354 
521355 
504976 
521361 
504981 
504982 
504983 
504985 
504986 
513183 
513184 
521379 
505001 
505002 
521421 
505041 
521426 
505042 
505043 
505044 
505045 
505046 
521433 
521442 
521443 
505059 
521444 
505060 
521445 
505061 
521446 
505062 
505063 
505064 
505065 
521450 
521451 
521452 
521453 
521454 
505070 
521458 
505074 
505075 
505076 
521461 
505077 
505078 
505079 
521464 
505080 
505081 
521466 
505082 
521467 
505083 
521468 
505084 
505085 
513281 
513282 
513283 
513287 
513288 
513292 
513293 
513294 
513295 
70928 
505111 
505112 
505113 
505114 
505115 
505123 
505124 
505138 
505139 
505140 
505142 
521528 
505147 
505153 
513347 
505155 
513348 
505156 
505157 
505158 
505159 
505160 
505161 
505162 
505169 
505170 
505171 
505172 
521559 
521564 
505180 
521565 
505181 
505182 
521567 
505183 
505184 
505185 
505186 
505188 
505189 
505190 
505191 
505192 
505193 
505194 
505195 
505196 
521581 
521582 
521583 
521584 
521585 
513396 
521593 
521594 
513402 
521595 
521598 
521599 
521600 
521602 
521603 
513412 
513413 
513414 
521607 
521608 
521609 
521610 
521611 
521612 
521613 
521614 
521615 
521617 
505250 
521635 
505252 
505253 
505254 
505255 
505256 
505257 
521642 
505258 
513451 
513452 
513453 
513454 
513455 
513458 
513459 
13754 
513469 
513470 
513471 
521675 
521676 
505322 
505331 
505332 
513525 
505333 
513526 
505334 
513527 
505335 
505336 
505337 
505338 
505339 
505340 
513533 
513534 
521727 
513535 
521728 
505347 
521750 
513558 
521751 
505369 
505370 
521755 
513563 
505371 
513564 
513576 
521769 
505385 
505386 
505387 
505388 
505389 
505390 
521775 
505391 
521776 
505392 
505393 
505394 
505395 
513588 
505396 
513589 
505399 
505400 
521786 
521787 
521788 
521789 
505407 
521792 
505408 
521793 
521816 
521817 
521818 
521822 
521823 
521824 
521825 
521826 
521827 
521828 
513665 
513666 
521861 
521865 
521866 
521869 
513677 
521870 
521871 
521872 
505489 
505490 
513683 
505498 
505499 
505500 
505505 
505506 
521891 
505507 
521892 
505508 
505509 
505510 
505511 
505512 
513707 
513708 
505521 
505522 
521908 
513716 
521909 
513717 
513720 
513721 
513726 
513730 
513731 
513732 
521928 
521929 
513737 
521930 
513738 
513740 
153298 
521940 
521941 
521942 
513751 
521950 
521955 
521956 
521960 
513771 
513772 
521970 
521971 
14096 
513813 
522006 
513816 
522010 
522011 
522012 
522013 
522014 
505630 
522015 
522016 
522017 
522018 
505635 
513835 
522028 
513836 
522029 
513837 
522030 
513838 
522031 
513839 
505647 
522032 
522033 
522034 
522040 
513848 
522041 
513849 
513850 
513851 
513852 
522045 
522046 
513857 
522050 
505668 
513863 
513864 
505672 
505673 
505674 
505675 
505676 
5964 
505677 
505678 
505679 
505680 
505681 
505682 
513875 
513876 
513877 
513892 
513893 
513894 
513895 
513896 
505704 
513897 
513898 
513899 
513900 
513901 
513902 
513903 
505717 
505726 
505727 
505728 
505740 
505743 
505744 
505745 
505746 
522131 
505747 
522132 
513941 
513942 
505751 
505752 
513945 
505753 
513946 
513947 
513948 
505756 
513949 
505757 
513950 
505758 
513951 
505759 
505760 
505761 
505762 
505763 
505764 
522157 
522163 
522164 
505780 
522165 
505781 
522166 
505782 
522167 
505783 
505784 
505785 
505786 
505787 
505788 
505789 
505790 
505791 
522181 
522182 
522188 
513998 
514003 
514004 
514005 
514009 
514010 
514011 
514012 
505825 
522213 
505830 
522218 
522219 
522220 
522221 
522223 
505839 
522224 
505840 
505841 
505842 
505843 
505844 
505845 
505846 
514040 
514041 
505849 
505864 
505865 
514058 
514059 
505867 
514060 
505868 
514064 
522259 
514067 
505875 
514068 
505876 
514069 
505877 
522262 
505888 
505889 
505890 
505891 
522277 
522278 
505899 
505900 
505902 
522287 
505903 
522294 
514104 
514105 
514106 
514109 
514112 
522305 
514113 
514114 
514115 
514116 
514117 
522310 
514118 
514119 
522313 
514122 
514125 
514126 
522321 
514129 
514130 
505943 
505944 
505945 
514138 
505946 
505947 
505948 
522334 
522335 
522339 
522357 
514166 
522367 
522369 
522370 
514180 
514181 
505989 
522374 
505990 
522375 
514183 
505991 
522376 
514184 
505992 
514185 
505993 
505994 
505995 
505996 
514190 
514191 
514192 
506000 
514193 
514194 
514195 
506003 
514196 
514197 
522390 
514198 
522391 
514199 
506009 
514210 
514211 
514212 
514213 
506024 
506025 
514221 
514222 
506030 
514223 
506031 
514224 
506032 
514225 
514226 
514227 
514228 
522421 
514229 
522422 
514230 
514231 
522426 
522427 
522429 
522430 
522439 
506055 
506056 
522442 
260307 
522459 
522460 
522461 
522462 
522465 
506081 
522466 
522467 
522468 
522469 
522470 
506086 
522471 
506087 
522472 
506088 
506089 
506090 
506091 
506092 
506093 
506094 
506095 
522482 
522483 
522484 
522494 
522495 
522496 
522497 
514307 
514308 
514309 
514310 
522503 
522504 
522505 
514315 
514318 
522513 
522514 
522515 
514326 
514327 
514330 
514335 
514336 
514341 
514342 
514344 
514345 
522540 
514349 
514350 
522545 
522548 
522549 
522555 
522558 
522559 
522560 
522563 
522564 
522565 
514373 
522566 
522567 
522568 
514378 
522571 
514379 
522572 
522573 
514381 
522574 
522575 
514383 
514388 
514389 
514390 
522584 
514393 
514394 
514395 
514396 
522589 
514397 
506205 
522590 
514398 
506206 
522591 
506207 
522592 
506208 
506209 
506210 
506211 
506212 
514406 
514407 
514411 
514412 
514413 
514416 
506225 
506227 
514420 
506228 
514421 
506229 
514422 
514425 
506235 
514428 
514429 
514430 
514431 
506239 
514432 
514433 
514434 
514435 
514437 
506245 
514438 
506246 
506247 
506248 
506249 
522634 
506250 
514447 
514448 
514449 
514450 
522644 
522645 
522647 
14745 
522652 
522653 
522657 
522658 
522662 
522663 
514471 
514472 
514473 
514474 
522667 
514475 
514476 
514477 
506288 
506289 
506291 
522681 
522682 
506298 
506299 
506300 
506301 
522687 
522689 
514499 
514500 
514505 
514507 
514508 
522709 
522710 
522712 
514521 
514522 
514523 
514524 
514525 
514527 
514529 
514530 
522727 
522735 
522736 
522737 
522754 
522755 
522756 
522757 
31237 
522758 
522759 
522760 
522761 
522763 
522772 
522773 
514585 
514586 
522783 
522784 
522785 
514597 
522790 
514598 
522791 
514599 
514600 
506416 
522801 
522802 
522803 
506419 
506420 
39476 
506421 
506422 
506423 
506424 
506425 
522810 
506426 
522811 
506427 
522812 
506430 
506431 
506432 
522823 
522824 
522825 
506443 
506444 
506445 
506447 
514640 
506448 
514641 
522838 
514650 
514651 
514652 
514653 
506465 
522851 
522852 
522853 
506470 
506471 
506472 
506473 
506474 
514667 
514668 
506476 
506479 
506480 
506483 
506484 
506486 
506487 
506488 
506490 
506491 
506492 
506493 
506494 
506495 
506496 
506497 
506510 
506511 
506519 
506527 
506528 
506529 
506530 
506531 
506534 
506535 
522921 
522926 
522927 
522928 
522931 
522932 
506549 
522936 
522937 
522938 
522939 
522940 
522943 
522945 
522946 
522948 
522949 
514760 
514761 
522954 
514762 
522955 
522956 
522957 
514765 
522958 
514766 
522962 
522963 
522964 
522966 
506583 
514776 
506584 
514777 
506585 
506586 
506587 
522972 
506589 
506590 
522975 
506594 
522979 
506595 
522980 
514788 
506599 
514792 
506600 
514793 
506604 
506612 
506613 
514809 
506618 
523003 
506619 
514812 
514813 
514830 
514831 
523024 
523025 
514837 
514843 
514844 
506652 
506653 
514846 
514847 
506659 
506662 
514865 
514866 
506682 
514875 
514878 
514879 
506687 
514880 
514881 
514882 
506693 
514890 
506698 
514891 
506699 
514892 
514893 
523087 
514896 
523089 
514897 
523090 
514898 
514901 
514902 
514906 
514907 
506715 
506716 
523101 
506717 
523102 
506719 
506720 
523105 
506721 
523106 
506722 
523109 
523110 
506728 
506729 
514922 
506730 
514923 
506731 
514924 
506732 
514925 
506733 
514926 
506734 
514927 
506735 
514928 
506736 
514929 
506737 
506738 
506739 
506740 
523129 
523130 
506748 
506749 
506750 
506759 
506760 
523145 
514953 
514954 
514955 
506763 
514956 
514957 
523154 
523155 
506772 
514965 
506773 
514966 
514967 
514968 
514969 
506777 
514970 
506778 
514971 
506779 
514972 
506780 
514973 
514976 
506784 
514979 
514980 
514981 
514982 
523175 
514983 
523176 
514984 
523177 
514985 
514986 
523186 
523187 
506807 
523192 
515003 
523196 
523197 
523199 
523200 
523201 
523207 
523208 
523209 
523210 
523213 
523214 
523218 
523219 
523224 
523225 
523226 
506843 
506844 
506846 
506847 
506850 
506851 
515046 
515047 
515049 
515050 
515051 
523248 
523249 
523250 
523253 
515061 
523254 
515062 
515063 
523256 
523257 
515065 
523258 
523261 
523262 
523263 
515071 
138239 
515072 
523267 
523268 
523269 
523270 
523271 
523272 
523275 
515083 
523276 
515084 
515085 
515086 
515087 
515088 
523283 
523284 
523285 
523286 
515094 
523287 
515095 
523288 
515096 
523289 
515097 
523290 
515098 
515099 
515100 
515101 
515102 
515103 
515104 
515105 
515106 
515107 
515108 
515109 
515110 
515111 
515112 
515113 
515114 
515115 
523308 
515116 
523309 
515117 
523310 
515118 
523311 
523312 
523313 
515123 
523316 
523317 
523318 
523319 
515131 
515132 
515133 
515134 
515135 
515138 
515139 
515140 
515141 
515142 
515143 
515144 
523340 
506960 
523348 
523349 
523353 
515168 
506976 
515169 
515170 
515171 
523364 
523365 
515174 
515175 
515176 
506984 
506985 
506986 
515179 
506987 
515180 
506988 
515181 
506989 
515182 
506990 
506991 
515186 
515187 
523380 
523382 
523383 
515191 
515192 
523387 
523388 
523389 
523392 
523393 
523394 
515202 
523395 
523396 
523397 
523398 
515212 
515213 
515214 
515215 
515216 
507027 
507028 
507029 
523414 
507030 
523415 
507034 
523419 
515227 
523420 
515228 
523421 
515229 
507037 
515230 
507038 
515231 
507039 
515232 
507040 
515233 
507041 
515234 
507042 
515235 
515236 
523429 
515237 
523430 
515238 
523431 
515239 
523432 
515240 
523433 
515241 
523434 
515242 
507050 
507051 
507052 
523437 
507053 
507054 
523439 
515250 
507058 
515251 
507059 
515252 
507060 
507061 
507062 
507063 
507064 
523451 
523452 
515261 
515262 
515263 
515264 
515265 
507073 
515266 
507074 
515267 
515268 
515269 
515280 
515281 
515284 
515285 
523478 
515286 
523479 
515287 
523480 
515289 
515290 
515292 
515293 
515300 
515301 
515302 
507112 
507113 
523498 
515306 
523499 
515307 
507117 
507118 
507119 
507120 
507121 
507122 
507123 
507124 
507125 
507126 
507144 
507145 
515338 
507147 
507148 
515341 
507149 
507150 
507151 
507152 
507153 
507154 
507155 
507156 
515353 
515354 
523554 
507176 
523593 
523594 
523598 
523602 
523603 
515416 
515420 
523614 
523615 
515424 
515425 
515441 
515442 
523646 
507266 
523651 
507267 
523652 
515460 
507268 
515461 
507270 
507273 
507274 
515467 
507275 
515468 
507276 
515469 
507277 
507278 
507279 
507280 
507281 
523666 
507282 
515475 
515476 
515477 
515478 
515479 
515480 
515481 
523677 
523679 
523680 
523683 
523684 
515492 
507300 
523685 
515493 
507301 
523686 
515494 
507302 
523687 
515495 
507303 
523688 
515496 
507304 
523689 
507305 
507306 
507307 
523695 
507314 
523699 
507315 
523700 
507316 
523701 
507317 
507318 
523703 
515511 
507319 
515512 
523707 
523710 
523711 
515519 
515520 
515521 
515522 
515529 
515530 
515531 
515532 
507342 
515536 
515537 
515540 
515541 
515542 
515543 
515544 
515545 
515546 
523741 
515549 
515550 
515551 
515552 
515554 
515555 
515560 
515564 
515565 
515567 
523760 
515568 
515569 
523762 
515570 
523763 
515572 
515573 
515575 
515576 
523770 
515578 
515579 
515580 
515581 
515586 
515599 
515600 
515607 
515608 
515609 
515610 
515611 
515621 
515622 
515623 
515624 
515626 
515627 
515628 
515629 
515630 
515631 
515632 
523825 
515633 
515634 
523830 
523831 
523832 
515640 
515641 
515642 
515643 
515644 
515645 
515646 
523839 
515647 
523840 
515648 
515649 
523849 
523853 
515661 
515662 
515663 
523859 
515668 
515669 
515670 
523863 
515671 
523864 
515672 
515673 
515674 
515675 
507483 
515676 
507485 
523870 
515678 
507486 
515679 
523874 
523875 
515686 
515687 
523880 
515688 
515689 
515690 
515691 
523884 
515692 
523885 
515693 
515694 
523887 
515695 
515696 
515697 
523890 
515698 
515699 
515700 
515701 
515702 
507511 
507512 
515705 
523898 
515706 
515709 
507518 
515711 
515712 
507520 
515713 
507521 
515714 
515715 
523915 
523916 
507532 
523917 
507533 
523918 
523919 
523920 
523921 
523925 
507541 
507542 
523930 
507547 
507551 
507553 
507554 
523943 
515754 
515755 
515756 
507564 
515757 
507565 
515758 
507566 
515760 
515765 
515766 
515767 
515768 
229050 
515772 
515773 
507583 
507585 
507591 
515784 
507592 
515785 
515786 
523982 
523983 
515793 
507601 
507602 
523988 
523989 
515807 
515808 
507622 
507623 
507624 
507625 
515826 
515827 
515829 
515830 
515831 
515832 
507640 
515833 
515834 
515835 
524029 
524030 
515839 
515840 
515841 
524035 
507651 
524036 
515844 
507652 
524037 
515845 
524038 
515846 
229126 
515847 
515852 
507660 
515853 
515854 
515855 
507671 
507686 
507722 
524112 
524117 
524136 
524144 
524146 
524149 
524150 
524153 
524154 
524155 
524156 
524159 
524160 
524162 
524163 
524164 
524165 
524168 
524171 
524172 
524174 
507792 
524177 
507793 
507794 
507799 
507800 
507801 
507802 
516000 
507808 
507809 
507810 
507811 
507812 
516005 
507813 
507814 
524199 
524201 
524202 
507829 
507830 
507831 
516024 
516025 
507833 
507835 
507842 
516042 
507850 
507851 
507855 
507856 
516049 
516050 
524243 
507859 
524244 
516052 
524245 
516053 
524248 
507864 
524249 
524250 
524251 
524252 
524253 
516061 
507869 
524254 
524255 
524256 
524257 
524258 
524263 
516071 
507879 
524264 
516072 
507880 
524265 
507881 
524266 
507882 
524267 
507883 
524268 
524269 
524270 
524275 
524276 
524277 
507894 
507895 
507896 
524281 
516089 
507897 
524282 
516090 
507898 
516091 
507899 
516092 
507900 
524285 
516093 
507901 
524286 
516094 
507902 
524287 
507903 
)

// ************************************************************************* //
