/*--------------------------------*- C++ -*----------------------------------*\
  =========                 |
  \\      /  F ield         | OpenFOAM: The Open Source CFD Toolbox
   \\    /   O peration     | Website:  https://openfoam.org
    \\  /    A nd           | Version:  11
     \\/     M anipulation  |
\*---------------------------------------------------------------------------*/
FoamFile
{
    format      ascii;
    class       faceSet;
    location    "constant/polyMesh/sets";
    object      wrongOrientedFaces;
}
// * * * * * * * * * * * * * * * * * * * * * * * * * * * * * * * * * * * * * //


629
(
81975 
81976 
81977 
8293 
8302 
98443 
148 
8345 
8351 
8352 
176 
182 
8379 
195 
201 
204 
226 
237 
221437 
221438 
221439 
256 
8492 
8493 
326 
8559 
371 
8564 
381 
390 
399 
402 
57761 
57762 
221667 
509 
551 
567 
8825 
8826 
8828 
636 
645 
8839 
651 
98963 
98964 
98965 
664 
665 
667 
684 
8878 
8880 
8882 
8888 
8894 
709 
148200 
148205 
148206 
58107 
99068 
58112 
780 
792 
793 
25387 
58182 
58183 
181067 
9062 
50027 
50039 
50040 
82827 
82835 
82838 
82839 
213924 
9135 
946 
9156 
9162 
9196 
9200 
9214 
9229 
1039 
107538 
107541 
107545 
107546 
1051 
214047 
9251 
107562 
9262 
9264 
148529 
148531 
148532 
9338 
1159 
1162 
165020 
165021 
165022 
165024 
165026 
165027 
165028 
165029 
9382 
9386 
9387 
214199 
214207 
222431 
115939 
115940 
115948 
115951 
9470 
107806 
66849 
66852 
66853 
34102 
501110 
1406 
501123 
1465 
173503 
1475 
1487 
214510 
99825 
99829 
116230 
116241 
116242 
501294 
1584 
1591 
1598 
1617 
173697 
173698 
173699 
173700 
173702 
173703 
173704 
173705 
173706 
173707 
9869 
9897 
9899 
1709 
1738 
91858 
1750 
501483 
501484 
501485 
1782 
501502 
206614 
501603 
501604 
141177 
10105 
141178 
10106 
10110 
59267 
247685 
59270 
59271 
59272 
26513 
501653 
501665 
141219 
501668 
141220 
141221 
1959 
141229 
501688 
42979 
42992 
59391 
59392 
10255 
34861 
501866 
75882 
239755 
501900 
239756 
2188 
501916 
10398 
10400 
2255 
2260 
10481 
10487 
502016 
108809 
108810 
108811 
10516 
10519 
108830 
10570 
502102 
502137 
108933 
108936 
108937 
108938 
108939 
2498 
199113 
199114 
199115 
502239 
59871 
59876 
59877 
92650 
502259 
10743 
2557 
2560 
10762 
10778 
2605 
2606 
2608 
2610 
2611 
363072 
199239 
199244 
199245 
10835 
100968 
502382 
2687 
2690 
2695 
117385 
117386 
117387 
35470 
158377 
199356 
199357 
199358 
101064 
158413 
35540 
35541 
35542 
158424 
158426 
2798 
150262 
150274 
150275 
117513 
117514 
2832 
502546 
2836 
232229 
232230 
232231 
502574 
43878 
43879 
11112 
43883 
43888 
11128 
2987 
2997 
76751 
76754 
76755 
76761 
3076 
3081 
3141 
3144 
3160 
101474 
101475 
101476 
167014 
101478 
167015 
101479 
167016 
101480 
3233 
224454 
11538 
68946 
109919 
109922 
3431 
3474 
3478 
3483 
93761 
93762 
11871 
3716 
3723 
52880 
52881 
118471 
118472 
11989 
126684 
3831 
126712 
126729 
110439 
53103 
53104 
53105 
53116 
3986 
282519 
282522 
282523 
44955 
126882 
217013 
4029 
53182 
4031 
282580 
282581 
282582 
4077 
4091 
4117 
94245 
94246 
94256 
94259 
4182 
127070 
4235 
61583 
4261 
118976 
118977 
118978 
102595 
102596 
102597 
12499 
135441 
12576 
12581 
12582 
12587 
12588 
4429 
12634 
45464 
12703 
12708 
70074 
4631 
4637 
4644 
184887 
70212 
70213 
12869 
4681 
160333 
4685 
12919 
12920 
111228 
184975 
185001 
4784 
185012 
185013 
4821 
185059 
160493 
160495 
160496 
160497 
160500 
4874 
185103 
185144 
185145 
86872 
86873 
86874 
13147 
13153 
13154 
13155 
86891 
86892 
4987 
127910 
54225 
103398 
103450 
5157 
152614 
152620 
152622 
54333 
95302 
95303 
95304 
103507 
267369 
119942 
160904 
267409 
5278 
5283 
5288 
5389 
70928 
5395 
349465 
349484 
13704 
87445 
87452 
13731 
62888 
62889 
13754 
5569 
13848 
54813 
13883 
349815 
136844 
136846 
259732 
259737 
259738 
136893 
136894 
161471 
153298 
5864 
5881 
14095 
14096 
14112 
14142 
5964 
14167 
14168 
14169 
137052 
6026 
38797 
259997 
259998 
38833 
137140 
137142 
137145 
137146 
137152 
137161 
243720 
112789 
112791 
260307 
260311 
260315 
39190 
6428 
14687 
14688 
14689 
88453 
129414 
88454 
129415 
88455 
129416 
14732 
14745 
6553 
14746 
6562 
244223 
31237 
121357 
31247 
121372 
121373 
80432 
39473 
121396 
39476 
39477 
80449 
39539 
39620 
244461 
506717 
154486 
7128 
7135 
146405 
138239 
138252 
138253 
244752 
31828 
48240 
48250 
64660 
89310 
89313 
89314 
7394 
48395 
187660 
48396 
48397 
48400 
48401 
48409 
113954 
113955 
113956 
7466 
7529 
105842 
171385 
171386 
171388 
171389 
171396 
171397 
171400 
171401 
171402 
171403 
236943 
236950 
236953 
236954 
105882 
7583 
105898 
105899 
7595 
7597 
7607 
171483 
171486 
7650 
7656 
114164 
114165 
114166 
105996 
7695 
7707 
138831 
7780 
7787 
7788 
7789 
7796 
7797 
7801 
7811 
7828 
7835 
7837 
229029 
7849 
7859 
7860 
7861 
229050 
7897 
130788 
130789 
130790 
130793 
229125 
229126 
229127 
130827 
130840 
130841 
7961 
7996 
8003 
8008 
8014 
122717 
122718 
122719 
8102 
516051 
229332 
229333 
)

// ************************************************************************* //
