/*--------------------------------*- C++ -*----------------------------------*\
  =========                 |
  \\      /  F ield         | OpenFOAM: The Open Source CFD Toolbox
   \\    /   O peration     | Website:  https://openfoam.org
    \\  /    A nd           | Version:  11
     \\/     M anipulation  |
\*---------------------------------------------------------------------------*/
FoamFile
{
    format      ascii;
    class       cellSet;
    location    "constant/polyMesh/sets";
    object      region2;
}
// * * * * * * * * * * * * * * * * * * * * * * * * * * * * * * * * * * * * * //


7958
(
950272 
966658 
638978 
360452 
1032199 
966664 
901128 
294924 
868365 
1048590 
1064975 
98322 
1064981 
688149 
1146902 
1146903 
983067 
720925 
491554 
901155 
966694 
901158 
475177 
1065002 
901163 
671787 
213035 
901164 
245805 
45 
360498 
1081396 
573493 
131126 
1081401 
491579 
737340 
917569 
196673 
1097795 
720963 
245827 
917572 
901195 
835659 
491597 
229453 
1097806 
442446 
1081423 
81999 
294992 
950354 
360530 
819285 
360535 
114778 
704605 
507997 
1015905 
966753 
540769 
508002 
360550 
360551 
950376 
884841 
557161 
1065066 
966762 
557164 
950381 
180335 
327792 
1048691 
1065076 
655478 
180343 
1048708 
393348 
835719 
1032330 
983178 
901262 
475280 
1032337 
835730 
655507 
278675 
835733 
999574 
966807 
835738 
65690 
344219 
229534 
1147039 
393375 
1147040 
540832 
1163425 
1163426 
966818 
442534 
1130663 
1130664 
901288 
606378 
278699 
999598 
753838 
278709 
950454 
82106 
786620 
835773 
360637 
1097919 
770244 
1130693 
1032389 
1130694 
98505 
426187 
770256 
1081555 
1081556 
295130 
704731 
442587 
1081564 
1065180 
884963 
737509 
1081575 
671975 
1081576 
1016042 
1032429 
852207 
475381 
819447 
426235 
819455 
262400 
737540 
426247 
917768 
459016 
426249 
426251 
344331 
278796 
196877 
98574 
737551 
508177 
344338 
1065238 
901399 
360730 
1098011 
1048859 
721183 
377122 
344354 
262446 
983346 
442674 
344370 
721204 
737591 
426295 
442681 
753979 
1065276 
1081661 
344382 
147775 
1147207 
753991 
1147208 
246088 
1147209 
1016143 
754001 
475476 
868695 
999768 
737624 
770395 
344413 
1032545 
770403 
1114468 
1114469 
999782 
1048935 
917863 
196969 
950644 
590197 
819577 
754045 
344446 
983423 
754047 
1048962 
672134 
311686 
1032586 
344459 
688524 
328080 
639378 
786835 
721299 
868757 
754069 
1130902 
754072 
393627 
885148 
459164 
950686 
721312 
786849 
524705 
688546 
786851 
623011 
1016229 
688554 
360876 
803245 
1098160 
754096 
917938 
655794 
1098166 
360886 
1065399 
295357 
1081792 
311745 
180673 
688579 
1114566 
1114567 
311751 
573896 
344525 
1114574 
1114579 
246229 
1114583 
360919 
1081816 
1114585 
1065435 
279003 
442845 
1016287 
279007 
311776 
704998 
1147367 
1098215 
1147368 
1065448 
557548 
459244 
721390 
360948 
66038 
1098231 
770551 
672249 
918012 
901630 
426495 
328191 
852482 
705030 
868872 
1081867 
950796 
1065489 
868881 
459281 
115219 
279060 
950809 
999970 
1081891 
279077 
246310 
1065513 
1049129 
279084 
1081901 
475694 
721457 
868916 
1049148 
868925 
98879 
295490 
1098311 
475719 
377416 
262731 
311884 
279118 
377424 
901718 
442968 
328280 
901721 
770649 
967258 
1032796 
442972 
442977 
868964 
328294 
672360 
229992 
442987 
262763 
901742 
197230 
311922 
311925 
770681 
492154 
49788 
639613 
918144 
1065602 
443012 
672389 
311941 
443014 
311951 
377488 
967313 
1082003 
950937 
377499 
443039 
524960 
393890 
361122 
983717 
328361 
770730 
1082027 
1098412 
311981 
983726 
1082040 
950968 
492219 
344764 
1098429 
703 
262849 
344772 
246468 
99013 
393928 
713 
246475 
312012 
1114829 
1114830 
328399 
66262 
279255 
66264 
934617 
836313 
492250 
1000156 
410332 
885476 
557796 
393957 
934630 
410350 
393969 
1082103 
1032956 
1000188 
410364 
672509 
1000191 
918271 
836352 
213765 
393992 
1098506 
213771 
1016588 
410385 
967443 
754452 
361236 
213780 
410391 
1164056 
819992 
1164057 
836377 
525081 
1032987 
639772 
394012 
705309 
230173 
213790 
1049375 
17184 
410401 
410403 
1098532 
688936 
1131305 
1131306 
885546 
770859 
377651 
1098548 
361268 
852789 
934711 
1082170 
1082171 
967483 
901947 
213826 
394051 
213828 
1000264 
1000268 
279372 
1082189 
770895 
344913 
639826 
951123 
852819 
1082198 
852822 
607063 
901976 
394074 
181082 
770909 
492384 
1114978 
1114979 
344931 
213859 
1082216 
770923 
787308 
672621 
967536 
525170 
82803 
508788 
394100 
934782 
1147778 
1147779 
1082247 
476041 
1049482 
803723 
902037 
312214 
721815 
279447 
770968 
312220 
1098656 
230304 
377761 
164770 
476070 
1033127 
492459 
1098668 
770988 
476076 
213932 
1164207 
1164208 
82865 
918450 
754610 
312242 
312244 
394169 
213946 
132026 
934844 
705468 
951229 
1082302 
476099 
541637 
230341 
230345 
885706 
426954 
1049547 
787403 
1082316 
230349 
394192 
213969 
213971 
1082327 
869335 
394199 
1016792 
1065947 
279516 
934877 
213983 
820192 
230371 
148452 
230373 
279526 
1098728 
590824 
295914 
476139 
230382 
1049583 
345071 
230385 
492532 
345077 
230390 
1065975 
492536 
590841 
492537 
345081 
1147898 
1016826 
197626 
1147899 
476155 
803838 
1115136 
1115137 
574466 
558082 
394246 
246793 
1098764 
721932 
656396 
508942 
279567 
672786 
705559 
1082393 
967705 
50203 
361500 
803869 
1000479 
50207 
263200 
918564 
50212 
721959 
705575 
230443 
181291 
476205 
672815 
476209 
443444 
50228 
279605 
607286 
967735 
754743 
640058 
476220 
754752 
99392 
361537 
83009 
1164354 
1164355 
476227 
1082439 
738375 
689226 
476238 
1082449 
427092 
803927 
1082461 
459870 
541792 
509024 
279648 
263266 
459878 
1066089 
787562 
787569 
738419 
722040 
345208 
820345 
394361 
1000570 
230523 
214139 
1049732 
902279 
492683 
230539 
1098899 
1000596 
967831 
296090 
132251 
771228 
476317 
509090 
1131685 
1131686 
1131688 
197803 
722092 
197804 
476338 
132274 
132278 
967867 
623803 
296128 
804033 
394434 
935108 
476358 
17607 
33995 
722124 
1231 
574672 
1033425 
804049 
1033427 
361683 
1115349 
902358 
476375 
722136 
247002 
918748 
443615 
247008 
247010 
951525 
623848 
492778 
591085 
1098992 
34032 
1066226 
509174 
787704 
509177 
804092 
99591 
984328 
476427 
623887 
804116 
476436 
1066261 
230681 
247066 
1082653 
263456 
476452 
1115429 
1033509 
804133 
951593 
886058 
460076 
722221 
181549 
918832 
492852 
247092 
394549 
1017143 
951612 
1082698 
1148238 
1066318 
1148239 
1099087 
296278 
99672 
1017177 
902496 
17768 
1099117 
558446 
1082735 
1115505 
968051 
1066358 
951671 
902521 
1115515 
1115517 
263554 
738691 
1049988 
34182 
673161 
394641 
1082771 
738708 
66965 
66966 
361879 
738714 
820640 
738720 
1082790 
1449 
1115563 
1082796 
1115565 
1115566 
1082798 
1000879 
66992 
411065 
705980 
247228 
1115583 
67012 
17863 
918985 
345549 
968150 
525783 
476637 
1033700 
394725 
919014 
67047 
1099240 
935401 
935403 
1115628 
1115629 
738797 
1066478 
1082864 
869872 
1033713 
1521 
67060 
280056 
378362 
1000955 
148987 
607742 
34304 
1050113 
17921 
935426 
902658 
869890 
460291 
148996 
361990 
34311 
886281 
951820 
34317 
1033744 
853526 
263705 
67100 
1115677 
345630 
149025 
804386 
460322 
362018 
1033763 
329251 
296485 
17958 
1082919 
67112 
149033 
427567 
378417 
394802 
1017399 
149047 
624187 
149053 
17981 
493119 
394815 
1099329 
869956 
558660 
1066566 
902726 
673350 
1050183 
902728 
1001034 
1082956 
968268 
493132 
493133 
951889 
1082962 
362072 
738906 
706138 
18012 
493150 
329314 
1082981 
951915 
542316 
493165 
444015 
34415 
460401 
902770 
329331 
820853 
689787 
1164924 
820860 
1017469 
99966 
1083007 
181889 
902786 
476802 
1083012 
50820 
902789 
951947 
1066636 
968336 
640656 
968337 
444049 
427666 
345747 
427669 
902806 
542358 
1083031 
755356 
935581 
624289 
1001124 
820902 
542375 
18093 
329390 
607921 
313013 
345783 
345788 
902851 
952004 
1083077 
526027 
1001164 
755404 
1066702 
1033938 
902866 
1083091 
493268 
952021 
411351 
493276 
1050333 
1099487 
100069 
755430 
345831 
100075 
755442 
1050357 
837365 
476917 
886519 
345848 
280312 
329468 
902910 
984833 
591621 
1099526 
362249 
296715 
886541 
902927 
362257 
1066771 
345875 
739092 
1083157 
608024 
935708 
214818 
755492 
1034021 
476966 
18215 
345898 
280363 
722732 
1083185 
755505 
575288 
1034042 
280380 
1083200 
345920 
1017666 
280387 
722759 
444231 
1083210 
345931 
182092 
722766 
722770 
296787 
345940 
575317 
903000 
1034078 
280415 
771942 
280423 
247656 
984938 
755565 
444271 
1034096 
444273 
280433 
378741 
1083255 
755576 
280442 
378749 
1099647 
1050498 
444293 
345990 
444295 
280456 
395146 
1083275 
1034123 
968590 
608144 
952211 
1083286 
477079 
1165210 
1165211 
575388 
1034146 
690088 
329640 
903084 
280492 
18357 
83901 
804798 
575426 
1099716 
559047 
280519 
1165256 
739273 
1083342 
411599 
264143 
968656 
559062 
853975 
280536 
313305 
329691 
624604 
919518 
968675 
575459 
722916 
1017830 
1034215 
1001448 
739305 
477161 
1034221 
952301 
526317 
804850 
444402 
755699 
329715 
968692 
870389 
444408 
755707 
280575 
215041 
804866 
296963 
493572 
1034245 
1050630 
1017864 
821258 
280590 
428047 
1083408 
1083411 
985109 
428056 
755742 
591905 
247843 
1099812 
1067044 
722984 
1165356 
1165357 
690224 
51251 
591926 
215099 
1083454 
755774 
444481 
215108 
313414 
116810 
919627 
1099853 
1050704 
755794 
657491 
215133 
313438 
1083487 
936033 
1083494 
1149034 
706666 
1149035 
1017965 
1083503 
657519 
395375 
329839 
395377 
968820 
624759 
247927 
854140 
215164 
100477 
591998 
1017983 
985218 
772228 
755846 
657547 
1083535 
985231 
854160 
395414 
805019 
526494 
723105 
886946 
1050788 
67748 
18596 
821414 
575654 
1067175 
919719 
1067184 
1067185 
886961 
1067188 
133302 
493751 
837816 
477368 
903353 
247993 
886970 
919739 
886974 
1165504 
411840 
1165505 
837828 
1149125 
116933 
542918 
1067207 
592073 
428239 
346324 
1001685 
1083607 
1132760 
379098 
968927 
903391 
313569 
887010 
198885 
149736 
854249 
1018091 
182508 
1100013 
887022 
1132784 
1083633 
1083634 
1100019 
1001715 
624885 
477436 
149760 
690433 
1018114 
461058 
411907 
1083654 
592134 
1132811 
1001739 
149772 
330000 
1083668 
952596 
887063 
624920 
526616 
1132829 
706845 
1132830 
330014 
330026 
149805 
264495 
231728 
51508 
51509 
1050934 
706870 
805176 
559416 
608571 
837951 
51521 
100674 
919879 
952648 
756040 
428361 
1067338 
1050954 
1165643 
1165644 
624972 
1067346 
657748 
84309 
985437 
870755 
1149285 
969061 
1149286 
1132903 
854378 
657772 
1100142 
1050994 
772468 
657782 
887165 
608639 
51585 
559496 
641418 
657803 
248203 
592268 
346509 
2447 
706961 
903575 
887191 
657817 
1149339 
1149340 
952744 
1132971 
1132972 
461229 
231856 
149940 
657845 
706998 
231864 
412089 
281017 
1001920 
1051074 
2503 
231881 
1100237 
985551 
461268 
674263 
821725 
657885 
231907 
575972 
543204 
903655 
854504 
821737 
707049 
1034734 
494062 
18927 
1100277 
1067514 
1100285 
395774 
379392 
1067521 
838150 
412167 
969227 
969228 
1100301 
1001998 
379410 
657943 
592407 
920090 
510491 
248347 
870940 
379423 
1100325 
215589 
231975 
1067564 
870960 
707121 
625202 
231986 
739896 
215609 
903738 
1149501 
576061 
1149502 
313919 
1100353 
985667 
576069 
854601 
608841 
1051213 
1083983 
1034832 
789075 
641624 
772700 
576094 
330343 
379498 
1084011 
641645 
428655 
232048 
363121 
330354 
936568 
674429 
248448 
330369 
346754 
461444 
985733 
838278 
1149580 
887436 
1165965 
1100429 
1165966 
887438 
1165967 
723599 
1165968 
903824 
1084049 
723601 
608917 
232089 
166553 
297628 
920221 
641693 
658086 
936615 
838315 
84652 
1149613 
1149614 
854702 
1149615 
1149616 
887474 
871090 
1002165 
887482 
84667 
1034940 
723645 
707261 
559805 
920254 
920259 
35524 
1002183 
379592 
887497 
1034954 
330450 
1051348 
838356 
346836 
690904 
248537 
543450 
445146 
674523 
395995 
723677 
723678 
592606 
84704 
887521 
969445 
707301 
707304 
838379 
740075 
1084141 
690925 
428781 
707310 
707312 
1067761 
1034997 
592629 
707319 
297726 
690943 
412415 
723713 
690945 
477954 
396035 
641796 
84741 
1084172 
379661 
281357 
215821 
674580 
690965 
1084182 
1002262 
903960 
559896 
363289 
1100570 
887578 
494362 
281370 
1002267 
1067805 
2846 
1067815 
527143 
723752 
379688 
52015 
314161 
1084210 
723764 
379702 
150328 
543545 
543546 
150331 
281405 
1018690 
723778 
953156 
346951 
1166153 
363337 
1166154 
248650 
1051469 
150349 
150352 
363350 
1035096 
281433 
445276 
985950 
985953 
84833 
346981 
920422 
1035111 
281447 
346984 
166760 
68457 
641900 
838509 
281453 
68462 
904047 
478063 
576368 
1100660 
297844 
281461 
215925 
445307 
1084284 
1067901 
1035135 
1035136 
904065 
1035139 
363395 
1117063 
1117064 
1117065 
1100681 
904073 
789386 
347018 
920461 
576402 
1067923 
1002393 
871321 
822169 
379802 
920475 
347036 
1084318 
363428 
1018790 
412584 
379818 
1084335 
887727 
412591 
379823 
265136 
510897 
756662 
445368 
904121 
1018812 
1018813 
412605 
19390 
789439 
527298 
412611 
68548 
510921 
560074 
347083 
412621 
1035214 
560078 
1084368 
412626 
969685 
1084374 
445402 
1117155 
1117156 
347109 
1018855 
347111 
920554 
625642 
691180 
478188 
412652 
1084400 
1035249 
68593 
691190 
1100797 
1149950 
609280 
1084417 
953345 
379905 
1084418 
1084420 
969732 
412677 
1051659 
855053 
642061 
68622 
1084433 
1084436 
936981 
773141 
298005 
609302 
1166360 
1166361 
68633 
1068058 
855067 
19483 
560158 
298018 
887844 
904233 
281642 
986156 
560174 
429104 
904244 
494646 
1100859 
1084475 
691260 
625724 
740413 
494656 
691265 
756802 
887878 
789576 
1150025 
379980 
1100877 
642125 
1084496 
19536 
1051733 
396375 
887896 
871512 
19546 
248924 
183391 
298081 
85089 
805990 
1100904 
756840 
298093 
1084527 
1150065 
1100913 
1051763 
380019 
265335 
19577 
265340 
232572 
806013 
756863 
232575 
117887 
822400 
1019009 
101506 
855171 
527492 
232582 
1084552 
1100937 
560265 
298125 
1051790 
904335 
232595 
887956 
1133717 
904344 
363672 
232601 
248988 
953502 
1150116 
445605 
1150118 
1166505 
674985 
1166506 
920746 
986284 
265389 
1084590 
1084591 
904367 
937144 
1133753 
396473 
986300 
298174 
249023 
19651 
1035463 
593097 
134348 
642254 
445646 
1150160 
1150161 
953553 
855251 
232659 
1084628 
1101013 
314583 
675034 
937180 
1150174 
740574 
1150175 
150754 
232676 
1084647 
822506 
281838 
1051887 
953586 
1084659 
822515 
1019124 
904437 
1101047 
232697 
920828 
1101054 
216338 
1101075 
1101077 
314647 
298264 
1002777 
1133852 
822556 
1133853 
1133854 
855327 
970016 
298276 
1084709 
1084712 
118059 
953647 
167215 
642352 
478516 
642366 
347454 
593216 
527681 
232769 
806211 
773443 
920901 
478533 
363849 
822602 
707914 
1035595 
1002830 
265555 
593243 
871773 
970078 
478558 
642399 
593248 
1052003 
855395 
1133927 
413031 
1101162 
413034 
478576 
1084786 
1068403 
1084791 
953719 
822647 
1052024 
1052025 
200057 
68987 
822652 
1052031 
642431 
429442 
413061 
1052039 
1002887 
560519 
413067 
445838 
314768 
445844 
1035670 
822680 
331160 
85402 
904606 
445854 
1019295 
413087 
429473 
920994 
986531 
1002916 
986532 
855461 
314789 
85415 
1068456 
1019306 
609706 
298410 
593323 
937388 
789934 
413102 
593327 
1019313 
445873 
265649 
347570 
1019315 
1134004 
1134005 
85431 
1035708 
937404 
1019325 
1101248 
265664 
789953 
265666 
1101251 
773571 
282051 
1052101 
314822 
1134024 
560584 
1134025 
1084873 
822731 
429515 
265675 
970190 
953807 
888271 
626129 
773588 
1084885 
331221 
1052119 
511452 
1084893 
740835 
298467 
970212 
85479 
904680 
85480 
822762 
806381 
380398 
19950 
937456 
986612 
462328 
265720 
921081 
921083 
773627 
822780 
85500 
921085 
1052160 
1035777 
1084939 
1101326 
822798 
298513 
1052180 
822813 
1052191 
904735 
560671 
953889 
85538 
871973 
1084966 
1052199 
822823 
151079 
233003 
364080 
1035827 
495155 
871990 
593465 
1068602 
822843 
118339 
1019464 
462410 
1117771 
675405 
1134160 
1134161 
839250 
347732 
429654 
708183 
1052248 
986715 
1068636 
609884 
953949 
872029 
937568 
478826 
708203 
134763 
3692 
1085042 
740978 
1068659 
822901 
1068662 
937591 
446071 
396925 
315005 
659072 
183936 
970372 
1035909 
806535 
331399 
822922 
609932 
1085072 
970387 
1085076 
1035925 
872088 
429724 
822941 
1150625 
1085091 
790179 
1003173 
954022 
1003176 
954026 
1052333 
446128 
364208 
954034 
396979 
1085108 
1101493 
1117879 
1085111 
1150653 
1150654 
560831 
1085122 
446146 
1052355 
347844 
822983 
36553 
970450 
642771 
610003 
1085142 
954070 
446166 
593626 
1101535 
1101536 
298721 
528098 
1150697 
1052393 
1150698 
1052395 
364270 
921327 
528113 
1085173 
3830 
626424 
446200 
282360 
36600 
626425 
315131 
69373 
970497 
1085187 
1101573 
298760 
1150730 
855824 
233232 
511761 
298772 
937750 
757527 
1085209 
298780 
380702 
626463 
298783 
216869 
937767 
167722 
872236 
1085236 
347956 
1052475 
1036091 
921407 
626500 
970565 
1085254 
823110 
528198 
626506 
593740 
1052495 
986961 
216913 
1036115 
593749 
298837 
397144 
233305 
757594 
1003355 
1068892 
937821 
823133 
511837 
331613 
1085279 
1036128 
593761 
970594 
266082 
659300 
348005 
659302 
1068903 
348010 
118636 
970606 
397166 
397167 
1085297 
757622 
397180 
528259 
397188 
298884 
397189 
298886 
1101703 
1036167 
970634 
216971 
135052 
1052562 
413586 
872341 
249750 
987034 
151451 
905117 
397215 
839586 
1052580 
1085353 
1150893 
1150894 
987056 
692146 
331700 
1085366 
348087 
217022 
331716 
790475 
954316 
872397 
331725 
184269 
839630 
1085391 
1003474 
430035 
987092 
970710 
1069016 
331742 
937951 
1134561 
1134562 
1052643 
741350 
937961 
249834 
1019886 
741358 
544750 
331759 
331760 
1069041 
249845 
1036280 
495608 
806907 
1085440 
364545 
331778 
593923 
249861 
233480 
544778 
184331 
86031 
1101843 
1036317 
1101855 
4127 
938016 
774178 
954403 
938019 
1036324 
1101861 
1085479 
938026 
86059 
790590 
626754 
118851 
741444 
1003589 
708677 
659533 
823375 
1019990 
954455 
1069150 
725088 
954465 
233572 
823398 
987239 
561257 
249965 
856174 
1101936 
1036400 
544881 
462966 
1101945 
331900 
462973 
970881 
282758 
1085576 
954506 
1151116 
249998 
331921 
20627 
970903 
397465 
381081 
430235 
1003679 
1101985 
1085601 
807075 
1085611 
889003 
168107 
364716 
790702 
774320 
790705 
381105 
1085622 
512184 
1134777 
200889 
1134778 
528574 
495806 
987327 
1036483 
135364 
807110 
970953 
790734 
463054 
1085650 
872659 
708820 
823509 
889046 
872665 
1085659 
1020123 
348381 
987360 
463074 
446691 
872676 
954597 
119016 
823532 
381165 
1020143 
364785 
774387 
200950 
184566 
790777 
921851 
921855 
1102084 
282884 
1085701 
315654 
528648 
364816 
364819 
364820 
446741 
512280 
987419 
430364 
1052962 
364837 
1020200 
1069356 
872748 
823598 
561454 
1134897 
1134898 
1036595 
921909 
1085750 
1003833 
1052987 
1085762 
381260 
1036621 
364877 
545102 
708944 
1036625 
1020241 
790865 
332116 
708949 
561494 
627032 
364889 
954720 
921953 
53601 
889188 
905576 
364904 
872813 
889205 
446841 
921978 
889210 
151932 
938367 
1020289 
987523 
921987 
840068 
1003912 
430472 
1085836 
1003920 
463248 
561554 
397717 
1085848 
315802 
1085854 
266655 
1003936 
741793 
577953 
283041 
577956 
20900 
1069481 
790954 
889261 
1003957 
1102269 
201152 
266694 
577991 
201159 
463306 
479697 
692690 
610770 
922068 
463316 
1085909 
1102296 
365016 
954843 
1020383 
987617 
201185 
1085924 
365028 
643559 
1085931 
922091 
201202 
889331 
266740 
1069560 
528888 
659961 
922107 
315899 
1053180 
1102336 
627201 
479745 
299521 
1020420 
840198 
578054 
1036807 
922119 
774663 
807434 
922123 
676364 
578062 
119311 
315920 
479761 
135699 
774676 
889366 
1085979 
545308 
922142 
1085983 
856609 
1053218 
807458 
938535 
578087 
266792 
1102377 
315946 
873004 
479788 
922159 
791088 
315952 
463410 
1086006 
1004086 
1086009 
676414 
479807 
1102400 
381504 
430659 
266820 
332359 
1053259 
1036875 
954955 
463435 
627278 
692816 
266832 
889426 
1004116 
479830 
315993 
1086044 
709213 
266845 
1086048 
922209 
561766 
1086055 
316007 
135784 
1086058 
823916 
840301 
545389 
1069681 
610931 
1086069 
774775 
594555 
1069693 
758397 
922238 
676478 
1053312 
1086081 
512641 
1118852 
1118853 
397958 
905863 
1086089 
283275 
234125 
1069710 
332430 
234126 
1053331 
1118868 
1118870 
807580 
234142 
1118879 
1053343 
332447 
1069728 
496289 
332450 
119458 
1086115 
840356 
758438 
234158 
807600 
430768 
381618 
479925 
234165 
758454 
234168 
922297 
807610 
1102523 
447164 
1020606 
332480 
987844 
332484 
971462 
430791 
234184 
1086158 
479950 
1004241 
807633 
1118930 
1069779 
611028 
873177 
365273 
873180 
594654 
1020639 
447199 
414432 
1118945 
1118947 
1102563 
1086179 
168676 
1102566 
905959 
905960 
1086187 
1053421 
873199 
1053428 
529143 
643832 
414458 
86778 
889597 
1118974 
922366 
1086208 
316160 
430849 
365316 
971525 
283397 
381702 
54022 
545544 
1102602 
1086220 
693009 
348946 
561939 
332563 
135957 
1004310 
529174 
119577 
217882 
1086235 
1020703 
1037088 
1004326 
774958 
70448 
1086259 
1020730 
135994 
873275 
1053500 
496444 
922435 
365384 
480073 
561996 
873296 
856918 
971611 
1020770 
1086311 
1053550 
1053557 
807797 
1086326 
643959 
185208 
463738 
463739 
611196 
1020799 
1004416 
988032 
496514 
299908 
1102728 
824200 
856969 
430988 
742288 
430992 
1086354 
807829 
512918 
480155 
21403 
1053598 
1037215 
447391 
1069985 
627618 
873381 
1037227 
562092 
1004462 
54190 
496563 
873396 
250815 
807872 
1070018 
103365 
54217 
1086413 
267213 
988110 
709582 
1004497 
349139 
971732 
955350 
1086423 
54231 
644057 
938970 
1086427 
414687 
349154 
922597 
742373 
365542 
889832 
660456 
955369 
365546 
1086444 
496621 
414702 
955376 
447472 
1119217 
414705 
758770 
1070070 
414711 
54265 
414714 
201723 
660476 
955389 
693250 
414722 
693251 
955397 
480261 
136198 
201744 
955409 
758801 
201747 
1053717 
349208 
201752 
54296 
185374 
152606 
1135648 
300068 
332837 
201765 
316454 
922667 
1086511 
414767 
513076 
201788 
332863 
201791 
1086530 
70727 
1053774 
775249 
1037396 
906324 
1070165 
857180 
693342 
922721 
955494 
840806 
496742 
447591 
726122 
496746 
300145 
726135 
463993 
513146 
791676 
300158 
1053829 
1086600 
660616 
1037452 
693388 
1004687 
873615 
873616 
496786 
1037461 
890005 
1086614 
1053849 
939163 
545947 
955550 
627872 
234657 
54433 
677029 
480421 
791723 
988332 
1037485 
988336 
1086641 
988338 
1086645 
971957 
1086646 
283840 
758977 
1070275 
873667 
1086664 
1021131 
611533 
316621 
1004751 
316624 
742609 
333010 
1021139 
251091 
349403 
1135836 
333021 
1004767 
627936 
578784 
906468 
513254 
890087 
316648 
447724 
1086702 
365807 
316655 
316656 
1086705 
824561 
234738 
1004788 
759029 
283896 
218360 
201980 
251133 
316674 
1037577 
1037581 
922894 
759056 
759058 
1037587 
857363 
726293 
775446 
169238 
1037591 
955671 
988449 
1053986 
333092 
595237 
365863 
1004846 
857391 
873778 
988467 
906547 
431413 
939319 
644407 
595256 
185659 
1037629 
677181 
464193 
398660 
464197 
333128 
185673 
628042 
136523 
709964 
775502 
1037648 
1086804 
1086807 
988505 
775517 
922974 
808288 
382305 
431458 
841059 
1103212 
300396 
1103222 
1021305 
218492 
1086846 
693630 
1070463 
1103232 
1054081 
939395 
447876 
1037702 
365959 
1037706 
349583 
939412 
447892 
939421 
447902 
54687 
1152418 
775586 
1152419 
988584 
775592 
1103273 
775593 
1103274 
775595 
1086893 
1103280 
1136050 
415154 
1136051 
1037747 
1086901 
1037751 
431544 
1070522 
529851 
447934 
382398 
857535 
1103297 
1037761 
136642 
660933 
611786 
988623 
1103314 
447954 
234964 
185813 
1005014 
136665 
497120 
497124 
726502 
1021416 
464361 
185833 
349678 
1086966 
185847 
38394 
382460 
218620 
185855 
611841 
382470 
382474 
1070603 
218637 
1086992 
1086996 
1070613 
661014 
939543 
579096 
890395 
562715 
972317 
218654 
284191 
1037856 
890400 
1054241 
710180 
710181 
824870 
693800 
1037865 
218665 
448046 
1070643 
1087029 
857654 
87608 
38456 
1087033 
333376 
988737 
1087043 
726596 
218692 
218693 
480838 
972359 
333383 
480840 
464457 
333385 
1037899 
464460 
464462 
431696 
71253 
38485 
1021527 
1087064 
726616 
38489 
333403 
726621 
382557 
464478 
300642 
267875 
218723 
1087077 
939621 
939622 
1087080 
743016 
874089 
153193 
972397 
611949 
906866 
824947 
464499 
398963 
153204 
923253 
169592 
202363 
1021564 
464513 
710274 
743043 
857732 
480900 
890502 
153223 
333448 
923273 
579212 
775822 
1021590 
136854 
1021591 
906903 
562839 
906904 
153240 
710300 
153246 
1005218 
284323 
251558 
939689 
366249 
1037997 
562861 
38574 
726705 
415411 
775860 
333493 
1070774 
775862 
857784 
349881 
349882 
1038013 
939709 
972478 
1021631 
284354 
1087174 
874183 
366279 
743113 
726730 
906961 
710354 
1070804 
530132 
153300 
202454 
38614 
169688 
1136349 
972510 
1087199 
1070816 
890592 
874210 
366308 
1087205 
333542 
956135 
792295 
333543 
1087208 
792296 
1070829 
1087214 
382703 
1087217 
38641 
1054451 
874227 
939773 
235262 
1038082 
939779 
1038084 
1038085 
1103624 
333580 
841485 
497421 
1087247 
939791 
743184 
759571 
1120027 
366363 
1120028 
874268 
333596 
1038111 
1005345 
710434 
235298 
874276 
726825 
1087276 
874284 
481068 
857904 
775984 
726832 
1070897 
1005362 
399154 
1087283 
333621 
1021750 
1021751 
546616 
1054523 
808767 
595775 
743232 
726850 
726852 
743237 
907080 
202568 
890698 
366410 
939854 
808791 
333656 
661338 
890717 
595818 
251756 
1054574 
808814 
956271 
923504 
792439 
1087354 
972668 
563069 
317311 
251778 
1070985 
333705 
956299 
137100 
497552 
120721 
1038226 
333715 
808857 
612249 
808858 
890781 
808861 
1071007 
87967 
415648 
38816 
628641 
1038245 
415653 
1038246 
202662 
645032 
415658 
481195 
841644 
1103794 
825266 
1120179 
300986 
87997 
71613 
1054655 
825279 
497601 
989122 
1136579 
1005507 
1136580 
1005508 
907207 
1087434 
88011 
301005 
88014 
251856 
415697 
366547 
415701 
382933 
88021 
1038295 
1071065 
1005533 
88029 
907231 
1038305 
907236 
759782 
677864 
104425 
88043 
808944 
628721 
808952 
923644 
874493 
88061 
694271 
1087491 
350212 
612358 
645127 
1038344 
1005576 
677901 
1005583 
546833 
1038354 
284690 
677907 
432147 
350227 
956437 
972822 
694295 
350231 
989210 
940058 
1005596 
1087520 
972835 
907299 
661545 
514090 
1005613 
940077 
546862 
1005615 
88113 
940082 
972852 
514100 
1005621 
1087544 
792633 
350268 
186428 
661565 
481342 
989248 
1038404 
1054790 
301130 
1005646 
1136719 
907343 
1136720 
219219 
825428 
186452 
907352 
333916 
972893 
432221 
186461 
1038432 
219233 
1054821 
579687 
972905 
333931 
333934 
350319 
219247 
481392 
907378 
645234 
956532 
940149 
481397 
366713 
350329 
219257 
1103997 
1087617 
1071233 
891013 
1054854 
1054857 
1054860 
514188 
1038482 
317589 
1104023 
956568 
1104025 
1087641 
514201 
1104027 
956574 
1104031 
333984 
841889 
1104034 
1038499 
907427 
1022116 
530597 
514216 
825515 
1071276 
317612 
874669 
481454 
334002 
874679 
710839 
825529 
235714 
989384 
235722 
645324 
612556 
1038542 
1054928 
71888 
383186 
956628 
334037 
235734 
202966 
907480 
710872 
596185 
907484 
989408 
88288 
694497 
612577 
350437 
1054951 
760039 
235755 
1005805 
956653 
219373 
219375 
596208 
1038577 
1038579 
219382 
1136887 
776439 
1136888 
809215 
334081 
841993 
809225 
432400 
612625 
1087763 
284949 
989464 
1005854 
350494 
1087779 
1022243 
1038631 
825643 
1153324 
219436 
1153325 
465197 
1087797 
694586 
6458 
1087806 
1104192 
1087809 
1136963 
645443 
465219 
727367 
596301 
1087824 
1153368 
1153369 
1087835 
661854 
612706 
711011 
694627 
350563 
1087844 
874855 
776551 
432489 
1038700 
1087854 
1038702 
1022318 
891246 
1038708 
792952 
891257 
121210 
1038715 
579966 
399743 
399745 
104838 
1038733 
350607 
301456 
1137041 
1137042 
956819 
1153431 
1153432 
563609 
268697 
1071515 
350626 
481700 
186790 
842152 
760234 
711085 
1038766 
989614 
268719 
580016 
711093 
301497 
874938 
219580 
399807 
1104321 
1055170 
1038786 
1104325 
858565 
989639 
1038792 
170440 
858569 
39369 
1087948 
1038796 
252364 
1087949 
235982 
940496 
956882 
317910 
727511 
465367 
1055195 
1087966 
1087970 
1055203 
1006054 
956902 
236007 
137707 
1104364 
924141 
186868 
1055223 
1038839 
727543 
743933 
1038850 
1055241 
891403 
1071630 
842258 
1088021 
1006104 
1055259 
219679 
760352 
449056 
1071661 
301614 
924207 
530991 
1055280 
186937 
1088058 
318011 
1055295 
465472 
1055298 
727619 
760388 
1038920 
1038922 
973387 
678475 
1137229 
1137230 
1006158 
776782 
465493 
1038935 
891481 
465498 
498270 
318050 
350821 
1055334 
973417 
1038955 
1038960 
318064 
907891 
465524 
137849 
88697 
793211 
1038972 
367229 
170622 
612994 
1088132 
137860 
842377 
989838 
973456 
1038993 
1137298 
1137299 
1055385 
711325 
1039006 
1039008 
137890 
367267 
350883 
1088164 
580260 
55974 
1055401 
334507 
580268 
1055406 
1137327 
1137328 
1137329 
1137330 
1006258 
645810 
498354 
367291 
367294 
137922 
580291 
1006276 
367301 
1039046 
1137351 
1055431 
1137352 
793288 
1088201 
891594 
121546 
432844 
72396 
875216 
269009 
367314 
1104596 
1039064 
776925 
318173 
1006306 
432866 
23268 
1022694 
301799 
1071850 
1039083 
826091 
23276 
367342 
989936 
531185 
482033 
367349 
367352 
72440 
809721 
940794 
809722 
793339 
252668 
350976 
23297 
1153794 
1153795 
989955 
1088264 
989964 
1088272 
72470 
1055511 
351003 
138014 
416545 
351010 
383779 
1039142 
154408 
269098 
138027 
1088305 
1071923 
138036 
1088312 
334651 
1039166 
809790 
367424 
105282 
777027 
1055558 
1137483 
56140 
1006413 
252752 
56144 
645969 
88913 
973652 
383829 
645980 
744289 
777059 
220006 
613223 
891758 
760691 
564094 
580479 
269183 
56193 
990086 
531334 
301960 
1153929 
564105 
1153930 
56202 
580491 
482191 
580497 
318356 
727957 
678807 
1039258 
482202 
433064 
859051 
1039276 
580524 
1088431 
564143 
39857 
859058 
498613 
220085 
1072058 
449466 
646077 
203710 
1153984 
1088448 
1153985 
318402 
351174 
318408 
891850 
760781 
1088464 
1072080 
990161 
1022930 
613338 
580571 
121821 
957406 
1104864 
1055712 
1104865 
285665 
1104866 
728034 
1104867 
760803 
580588 
318451 
1088506 
678912 
908292 
384004 
1072135 
465928 
334857 
941066 
957455 
924689 
662552 
1088539 
957469 
973855 
810018 
367650 
1072165 
760869 
1088550 
957479 
39978 
990251 
203822 
990256 
56368 
957489 
285749 
1072182 
826423 
990267 
203837 
1072190 
203838 
482370 
334921 
1039440 
613457 
531537 
89169 
433237 
498778 
744543 
695394 
351330 
1055843 
1072228 
1072229 
1055845 
1055848 
1137770 
1072240 
728176 
629872 
1072241 
269428 
629878 
826489 
203897 
253050 
203899 
1072254 
367742 
1088639 
154751 
941193 
662665 
203919 
957584 
908432 
1039505 
269460 
990364 
547999 
1006752 
318624 
892071 
515240 
318637 
203950 
449712 
875699 
433333 
318645 
482486 
384183 
613560 
269496 
498873 
1088701 
1137862 
1137863 
548043 
1039564 
269518 
842962 
990419 
269530 
204005 
957672 
580841 
384233 
204011 
957677 
122096 
204018 
842997 
187639 
56567 
1023224 
875768 
908540 
941309 
908562 
498964 
318741 
531735 
335128 
1006873 
974107 
236827 
56609 
1023266 
728359 
154920 
957738 
859437 
236846 
711985 
1072434 
433459 
531765 
597302 
449847 
318776 
1039673 
318778 
957755 
892219 
548157 
482622 
220481 
744770 
924995 
761155 
957765 
875846 
728394 
1023309 
761165 
482637 
236878 
679247 
1072465 
925009 
990547 
384339 
1154389 
941397 
1154390 
1039702 
908631 
1088858 
1023323 
941403 
1088861 
548192 
613730 
1039721 
269674 
531821 
1072497 
367986 
499060 
990584 
613758 
728453 
400774 
417164 
499085 
7569 
1039763 
859539 
171411 
581013 
1023383 
581021 
810400 
1088932 
7588 
892326 
581030 
1088935 
712106 
1007024 
957873 
1072562 
138674 
581047 
384441 
957887 
892355 
695747 
679366 
925133 
794062 
1088975 
220627 
318939 
777692 
56798 
1056227 
335331 
957925 
318949 
974310 
286184 
990698 
548331 
40428 
892402 
318965 
204278 
204280 
335357 
974334 
1154559 
597503 
1154560 
548352 
155137 
777733 
876038 
204295 
761352 
7694 
1007120 
548374 
204310 
1056279 
187927 
1007135 
1089057 
433698 
204324 
138788 
302631 
597544 
319017 
1056304 
1039923 
1121844 
1121845 
958006 
695862 
40502 
368184 
7736 
843322 
745019 
548411 
319037 
958015 
548421 
515653 
319046 
171597 
1007184 
319057 
482898 
892501 
319064 
204376 
1023577 
1056346 
564827 
974428 
220765 
892510 
450144 
1072738 
908902 
1072744 
777840 
351856 
319090 
7795 
1039990 
1089143 
302712 
1007229 
351871 
401025 
466564 
237193 
1138315 
1138316 
319117 
138893 
351886 
302734 
417423 
712339 
1072788 
908952 
1040025 
1040026 
794268 
7836 
1072799 
384671 
1040036 
417447 
171688 
1056428 
1040046 
7854 
892592 
335539 
302771 
663223 
1089211 
1023677 
728770 
433858 
745158 
1072839 
417483 
1072844 
712396 
630476 
138957 
614095 
433871 
958161 
483026 
974548 
712404 
679640 
712410 
679642 
810715 
335586 
679651 
990948 
89828 
974566 
679656 
466665 
335593 
351979 
270063 
663283 
679675 
1056508 
302845 
1138430 
810752 
368389 
335621 
1138440 
1138441 
401164 
892690 
237334 
73495 
1040153 
368411 
368415 
302880 
302881 
1040162 
368418 
302893 
1072946 
941881 
974650 
909115 
565052 
384831 
139075 
974660 
892744 
1089354 
679756 
171852 
696143 
597844 
712534 
876375 
597848 
1089380 
335716 
991077 
253800 
1056620 
728943 
876400 
1023858 
57203 
565110 
57209 
778106 
712570 
1056635 
139131 
40828 
1122174 
1023871 
335743 
1089409 
302978 
188291 
565125 
368517 
696198 
974727 
466826 
1056652 
1089422 
794510 
958362 
384923 
335773 
1073055 
335781 
663465 
630704 
270256 
1122230 
794550 
1122231 
892860 
352188 
352192 
434115 
204740 
876486 
597958 
40914 
401363 
1056725 
40917 
466907 
925660 
1089502 
466911 
139236 
434149 
1007590 
925670 
1040362 
1089518 
8177 
466930 
368627 
696314 
1089531 
712700 
958462 
811010 
794629 
942088 
811017 
565259 
303116 
991247 
942097 
466961 
811029 
1105942 
1040406 
1105943 
466969 
466970 
1007645 
696350 
368687 
466992 
483382 
712760 
303161 
90177 
1089606 
565318 
1024071 
893002 
90186 
1007693 
761935 
1089617 
1040469 
811098 
778333 
811105 
696423 
532583 
303207 
1007722 
794731 
1089645 
811117 
745581 
450671 
1089654 
335990 
1089660 
352386 
352392 
352393 
90252 
942226 
811155 
811156 
794778 
794779 
450715 
991390 
1089696 
1007776 
811168 
1089698 
794786 
1138852 
1138853 
712870 
237737 
352426 
254123 
712876 
352430 
1040561 
401586 
319666 
1073331 
352436 
352438 
1089720 
532665 
1024186 
336063 
1007808 
778432 
352449 
1007817 
1089740 
909517 
860365 
1089745 
1089748 
1073365 
1024217 
1056987 
991452 
401632 
352484 
1040613 
1073383 
942313 
57578 
893169 
745713 
139506 
549109 
1138937 
860409 
1138938 
860410 
1089787 
778491 
1057022 
401664 
663809 
942338 
876804 
975110 
352518 
8456 
286992 
876818 
123159 
680216 
483610 
319777 
1040675 
696611 
450851 
287011 
1089828 
1007913 
1155372 
762156 
1155373 
1155374 
319795 
1024310 
762169 
811323 
123195 
893245 
663873 
1007938 
926020 
680262 
434502 
1040711 
631113 
516427 
991564 
696660 
24918 
565591 
958808 
237914 
188762 
319835 
975198 
401760 
516453 
1073511 
352618 
1155435 
450923 
270702 
1089904 
319861 
401784 
795002 
57723 
942460 
139646 
1089926 
958855 
663945 
41355 
1089937 
123282 
41363 
942488 
270745 
860571 
385439 
287135 
942498 
565666 
926115 
303526 
1024424 
975275 
663983 
434609 
1073589 
827829 
254389 
680385 
549313 
221635 
565700 
876997 
565702 
123334 
1040839 
778700 
336336 
1090003 
1090004 
319958 
123354 
1073627 
123355 
1139166 
1139167 
319967 
205283 
336356 
827879 
188905 
238058 
893424 
188912 
893427 
1090039 
860663 
729592 
319993 
860666 
631291 
1073661 
958976 
811522 
860678 
1024522 
1139213 
1139214 
827918 
909839 
680466 
975380 
1073687 
827927 
1073688 
860697 
352794 
123420 
1122845 
844319 
860704 
959009 
565795 
795172 
860709 
991784 
975403 
385579 
549423 
500277 
1073721 
827961 
1008188 
942654 
1040959 
500289 
844354 
254531 
614984 
1122889 
238153 
1122890 
991821 
942673 
827986 
1057364 
844373 
680534 
647768 
959065 
827993 
1008218 
746074 
762465 
926306 
172644 
221798 
680553 
156265 
991852 
844398 
942703 
828019 
287349 
205430 
942711 
975480 
959096 
877176 
1008251 
762492 
860798 
238208 
664194 
877188 
828036 
156296 
1057419 
959121 
647825 
631444 
942746 
25245 
860833 
959139 
549542 
1073831 
860841 
451243 
828076 
549550 
664239 
1057458 
549557 
58040 
1123004 
811711 
778945 
828099 
1057482 
451281 
680659 
352979 
549588 
385757 
1090270 
860895 
516831 
549600 
418529 
565986 
352994 
254697 
1106666 
123626 
1106667 
959211 
451307 
385774 
353007 
1008369 
1106674 
1106675 
959219 
582390 
959225 
1106684 
910079 
860928 
385794 
1073924 
156422 
1155847 
1155848 
320264 
877324 
959245 
1106704 
467728 
926482 
1106708 
271124 
1090327 
467736 
353052 
549663 
1090336 
353056 
942881 
942883 
484134 
353062 
287526 
238381 
1057584 
353072 
729909 
500534 
1090359 
975672 
877368 
1041210 
271164 
271168 
1024834 
1057609 
1024853 
254805 
254809 
172889 
385883 
516956 
435045 
1090408 
303977 
664426 
631659 
271211 
271213 
648046 
549743 
435059 
549749 
303990 
992124 
303999 
1139584 
1139585 
1057665 
549761 
58244 
1074055 
58247 
1074057 
811925 
254869 
713622 
1090455 
811927 
1057691 
1090464 
336800 
1123233 
697250 
320419 
271270 
713646 
435118 
697263 
1041329 
533426 
123830 
189373 
975806 
156606 
402370 
123842 
402371 
926661 
435144 
41928 
304073 
189385 
1074123 
582607 
320466 
369619 
418777 
402393 
287707 
271325 
369632 
1041377 
1041381 
959466 
975852 
795629 
910319 
1123318 
943094 
1123319 
730103 
812025 
451577 
451579 
189436 
1090558 
566270 
205824 
222211 
451589 
877575 
451592 
517129 
336907 
762892 
795662 
975887 
893971 
1074198 
1074204 
762913 
910370 
877606 
779303 
1074216 
795688 
910384 
910385 
1074230 
1025080 
271417 
1041466 
1156157 
910399 
1090626 
91202 
451654 
1008711 
975943 
451657 
320586 
1041483 
1074261 
697431 
1057880 
599131 
402524 
1123421 
1041501 
1123422 
1090654 
336991 
1041504 
762977 
369762 
779364 
599141 
500837 
91238 
386151 
631913 
1123435 
386155 
1123436 
828526 
238703 
320627 
1090677 
271478 
1041530 
1057917 
484477 
468094 
451710 
451711 
779398 
664712 
599177 
484490 
402575 
1008787 
992403 
894101 
926871 
779416 
1041561 
140443 
484509 
746654 
58526 
910496 
1041569 
894113 
1057954 
763042 
140450 
910500 
189607 
58535 
320682 
1008813 
926894 
353456 
631987 
484532 
910519 
337079 
1057978 
1008827 
910523 
648379 
1090748 
451781 
1041606 
648399 
632024 
566489 
1058012 
599260 
599262 
1090795 
1090801 
337138 
206072 
1090809 
959738 
91386 
304379 
1074428 
910593 
582917 
861446 
386311 
1090827 
451856 
550161 
320786 
156946 
1008916 
124180 
1090839 
779547 
533788 
746781 
468256 
189735 
746793 
1058090 
124207 
91439 
451891 
140595 
927028 
1123637 
1090869 
1041717 
1090871 
1041719 
189751 
124215 
943416 
795961 
353597 
320830 
124222 
1074496 
1090881 
1041730 
1041739 
386379 
550220 
599373 
353616 
1041745 
1008977 
1090900 
976217 
255322 
435547 
419166 
632163 
746856 
533870 
681331 
370035 
566648 
1074556 
107900 
1074557 
697727 
599423 
1074560 
1041792 
927104 
1123714 
1123715 
1123716 
1123717 
697733 
1058182 
1041798 
746886 
1025417 
943498 
730507 
1090959 
484751 
992657 
1156499 
959891 
1156500 
337301 
730522 
1009052 
353695 
239007 
1123745 
1058209 
452001 
927139 
648611 
1123748 
1123749 
1123750 
976294 
927142 
1123751 
1090984 
1074607 
632240 
75184 
1156539 
402875 
107963 
1156540 
632260 
1123788 
927182 
763345 
976338 
779732 
1009109 
550358 
337366 
1025497 
763354 
910813 
779743 
1091043 
337380 
927208 
1009130 
189933 
779758 
796144 
1140212 
1140213 
1074678 
1009143 
1041912 
1009147 
1091068 
566781 
468479 
648704 
108035 
910854 
452106 
108049 
714260 
976406 
468504 
1074713 
271901 
927262 
1074719 
1058338 
353826 
140835 
828964 
1123878 
206376 
1009193 
1074730 
1156652 
1156653 
1074734 
665138 
878131 
1074742 
894518 
845366 
484923 
681532 
484927 
583232 
878148 
58955 
1041997 
730705 
648785 
452178 
976473 
1042014 
943711 
1091169 
321121 
665190 
255592 
845418 
255595 
1058414 
910963 
1074804 
763512 
697976 
1091193 
927361 
861825 
910986 
910989 
468621 
665231 
992912 
353936 
927379 
878227 
861843 
878230 
910999 
370332 
943776 
665249 
681634 
370344 
878249 
878251 
485041 
812723 
1009332 
550583 
403128 
681658 
1074876 
403134 
222918 
485066 
943823 
1074903 
485081 
370396 
911069 
534241 
485091 
386788 
403175 
321258 
222955 
861933 
1074926 
796399 
927473 
370417 
288497 
616178 
1091315 
993011 
403188 
894709 
993014 
796410 
1042172 
1025788 
91905 
1009410 
599810 
1091334 
91910 
780040 
403208 
1042185 
1074954 
485130 
780045 
943886 
665359 
911124 
632596 
403221 
255765 
943896 
468761 
288539 
780060 
665375 
1091361 
780065 
1140516 
1140517 
485159 
1140528 
1140529 
1042226 
665396 
1091381 
370488 
1075001 
960313 
878396 
354110 
1156927 
403271 
91975 
1140552 
1140553 
1124169 
829257 
1124170 
698186 
59215 
976720 
796496 
1075025 
1091411 
1042261 
1042263 
599895 
173912 
1009508 
927590 
26475 
1075052 
321388 
681838 
534383 
337775 
354161 
354162 
960371 
485235 
1058679 
976759 
763767 
550775 
354171 
452479 
599936 
927621 
747401 
599947 
829325 
1058702 
124814 
599952 
927636 
124820 
157595 
616349 
370589 
976798 
862110 
157603 
976805 
1091497 
305068 
599981 
927662 
1140655 
927663 
780207 
1140656 
976817 
616373 
1042359 
370617 
780219 
1091518 
26561 
436162 
1140676 
1140677 
1075143 
927688 
354248 
370634 
944075 
927692 
665548 
174029 
1009614 
1058770 
354259 
1058772 
1042388 
174036 
42964 
567256 
1075163 
174044 
1009629 
1075166 
436190 
1075167 
239583 
1075170 
780258 
419810 
485347 
927716 
174053 
26602 
468973 
1009650 
813042 
255986 
436214 
1058814 
436222 
108543 
1157120 
1157121 
321538 
1075206 
829455 
436239 
993297 
894994 
780306 
354323 
321555 
878612 
436253 
665631 
174111 
272416 
387108 
239654 
1091625 
26665 
1157163 
1157164 
1058860 
436271 
632881 
436275 
305207 
1075256 
960569 
763963 
92222 
927814 
174154 
1009742 
763992 
682072 
174169 
632926 
1091684 
780390 
1058919 
256103 
764009 
469097 
419945 
1058922 
1042538 
845930 
583789 
403566 
125038 
1009775 
1091696 
878704 
174194 
174196 
1075318 
534646 
26744 
1091705 
1075321 
665721 
1091708 
764028 
665724 
1091714 
714889 
387211 
764045 
108686 
649362 
1091732 
567446 
845975 
1091742 
1058975 
927907 
665770 
583852 
993454 
829618 
501938 
764083 
1091769 
1075390 
567487 
403647 
452803 
452807 
960713 
1091786 
895183 
420048 
1091793 
911569 
1091795 
878804 
452823 
1091803 
583899 
878812 
731356 
1091807 
1124576 
1124577 
682209 
370916 
354532 
452838 
452839 
944360 
125161 
289002 
256238 
289007 
911600 
600305 
452849 
1026291 
1091828 
764152 
338171 
420092 
354557 
878852 
977157 
305413 
764166 
157958 
715016 
452873 
108814 
731409 
370963 
1091863 
1091864 
682267 
1059108 
1091880 
796977 
829746 
993587 
698675 
436533 
354616 
682297 
338234 
256314 
633152 
862536 
1059146 
256330 
469329 
289107 
862548 
960853 
321884 
256350 
878943 
993637 
141669 
1141094 
1141095 
1141096 
1141097 
469355 
436587 
551277 
354670 
1010031 
600436 
354678 
1075579 
878973 
829824 
1010050 
993668 
354693 
371084 
1026450 
502163 
1091993 
354714 
223646 
371105 
354722 
1092013 
879022 
633263 
354737 
256436 
1059254 
879030 
485818 
879035 
977340 
158141 
354750 
960960 
977345 
584130 
1092037 
76229 
649670 
338374 
993735 
158153 
1042894 
1108432 
764368 
1026514 
829916 
1059293 
535009 
1010147 
928233 
207338 
453099 
256495 
1075696 
551411 
1059319 
1026551 
977400 
1124857 
1124858 
354813 
584190 
911880 
584200 
1092107 
1059341 
731662 
1026577 
1042962 
977426 
223762 
764437 
715287 
567836 
322085 
1075753 
584242 
961083 
780859 
977472 
748101 
764486 
748102 
1092172 
109133 
748110 
666195 
1059416 
731736 
944730 
1059424 
961120 
649826 
1010277 
862823 
944744 
1010281 
682604 
1108606 
1108607 
993920 
305792 
453251 
338563 
1075844 
371339 
76427 
256652 
1092238 
748175 
1059475 
977558 
158358 
141975 
240281 
1092253 
535197 
141983 
862880 
715426 
535206 
1092263 
879272 
1141417 
1141418 
338602 
912044 
1026740 
1092279 
617144 
355000 
1043129 
584377 
338617 
305849 
1043132 
682684 
1010365 
813758 
682686 
944835 
1010373 
109260 
912081 
781009 
781012 
355034 
223963 
862941 
256733 
240349 
862942 
273120 
944867 
781029 
1043178 
60139 
994028 
1075952 
781040 
1059569 
961271 
781052 
1141501 
273149 
1141502 
289542 
781063 
420616 
437003 
584460 
43788 
1043213 
994061 
879376 
862992 
305939 
76565 
1010454 
43799 
633624 
994073 
1157917 
1157918 
650015 
895776 
502561 
912166 
977703 
469807 
273199 
699184 
535345 
1092402 
1076019 
715574 
355127 
994106 
863035 
584510 
273215 
797504 
977730 
699202 
994115 
338757 
879431 
1010506 
781135 
666447 
273232 
977746 
568147 
289621 
355160 
912220 
1076062 
846689 
191331 
1076073 
1076079 
994159 
666479 
486261 
420725 
994166 
109433 
535418 
27515 
27519 
519046 
191367 
1026952 
961417 
1010573 
27535 
338832 
420754 
715667 
846740 
748436 
584597 
273303 
76695 
568218 
1076126 
945054 
584606 
371615 
1076128 
371616 
1108897 
1108898 
1092516 
535460 
1092517 
912293 
1010600 
1076137 
27562 
1076144 
764848 
535473 
830386 
928692 
1010613 
27576 
404410 
863166 
797630 
863167 
1059778 
1059780 
715717 
1059783 
355273 
1043404 
1076173 
256975 
142287 
1027026 
289747 
879574 
158681 
732122 
699359 
928740 
568298 
879600 
945137 
388081 
814066 
1092596 
535547 
977921 
830465 
977925 
961545 
896013 
1092623 
1059858 
1092627 
1043475 
732186 
896027 
650270 
388133 
11302 
535593 
388138 
1043503 
830512 
535603 
207923 
1092660 
830516 
535606 
207926 
814139 
715836 
1043520 
994368 
93249 
355403 
404561 
978005 
142422 
535640 
371800 
142429 
978015 
683103 
502881 
207972 
207973 
961638 
1059943 
715881 
568425 
994413 
437358 
306286 
306287 
273519 
699504 
1092721 
978033 
27771 
1010812 
1092736 
371847 
1092745 
1092746 
830604 
1027213 
912526 
175250 
617619 
175254 
748700 
732319 
1092772 
519332 
1076390 
1109160 
1109161 
1092778 
912555 
371884 
208049 
1027252 
388277 
175293 
142534 
1076423 
535753 
437449 
175305 
945355 
830668 
978127 
928975 
273615 
1092816 
830674 
797907 
601300 
1092822 
371932 
273630 
1092838 
765158 
1092840 
666858 
175341 
27885 
290030 
175342 
93423 
699632 
175347 
650484 
634102 
699640 
699642 
306426 
617723 
896252 
1027326 
568574 
224512 
912643 
830723 
1076484 
1043721 
404748 
519437 
470286 
208142 
388368 
879892 
830740 
388372 
830743 
404768 
994596 
814373 
257318 
486696 
224554 
666924 
552237 
453935 
863539 
1092916 
699700 
716085 
224565 
1076535 
896311 
650551 
535864 
208184 
1158459 
1158460 
1158461 
519486 
93506 
453955 
879945 
945486 
1092946 
1076567 
634200 
1092953 
208218 
879966 
208223 
945514 
535915 
519531 
257390 
11636 
945525 
1011063 
912763 
421245 
929152 
1076610 
814467 
273795 
273798 
388488 
568716 
1076624 
912792 
617882 
1011107 
355749 
1093032 
601513 
1060269 
847287 
945595 
814529 
1093058 
339398 
323018 
355787 
1043916 
749005 
421325 
142797 
945615 
732623 
1076688 
142801 
339414 
421335 
814554 
1076700 
142816 
142819 
1043943 
437735 
962024 
421352 
1076713 
142825 
1093099 
437739 
880111 
568817 
749042 
765428 
437749 
962040 
781819 
372219 
224763 
421374 
781824 
634371 
421380 
142854 
273927 
142855 
1093132 
536080 
437776 
880148 
683540 
110101 
1076759 
749087 
355872 
142881 
847394 
437794 
142883 
699940 
814629 
142885 
568870 
1027623 
323111 
355881 
323114 
716339 
568883 
1158708 
1158709 
814645 
339509 
1158714 
1158715 
1076795 
929343 
798274 
503362 
929350 
1060423 
1027656 
355915 
831053 
290391 
1060440 
159320 
765530 
1044064 
896609 
355941 
896616 
994921 
749163 
306795 
355948 
355949 
290415 
1011312 
896624 
732784 
667258 
142970 
847485 
716415 
749184 
896641 
126593 
831115 
1109644 
1109645 
568977 
1044117 
831131 
945820 
241309 
77470 
1044128 
257697 
1060516 
126630 
716455 
716463 
421552 
1076918 
1011383 
618169 
1044155 
814780 
1011390 
356030 
1076930 
519883 
519886 
454351 
1011408 
1076945 
536280 
356059 
765661 
1126115 
1076964 
880356 
585447 
1076970 
1060589 
847599 
913139 
732915 
159479 
225020 
732927 
356100 
945925 
847623 
274187 
1044238 
356111 
421649 
814866 
487188 
93974 
77592 
225054 
536352 
1060646 
372520 
1027881 
1093419 
1093420 
1093424 
1027888 
356144 
306995 
1077045 
962361 
470841 
749370 
1077052 
1093440 
339778 
257860 
339784 
978762 
962378 
716620 
552780 
864078 
1142608 
962384 
946000 
1142609 
814929 
1142610 
1142611 
1093460 
1060707 
913251 
454503 
1093480 
651112 
700272 
1093489 
28535 
307065 
733051 
143235 
323460 
814983 
241543 
307080 
454542 
503699 
307091 
880533 
864151 
159639 
143259 
749471 
1077152 
585632 
667554 
1093545 
864171 
765867 
257964 
847792 
1126322 
257970 
1126323 
847795 
405427 
552888 
339898 
847805 
356285 
1077183 
667583 
241601 
143297 
880580 
536517 
143302 
536519 
634825 
438219 
962510 
1077201 
651218 
487378 
651225 
1060834 
995303 
1077226 
831466 
847852 
1077229 
1077230 
585711 
897008 
94192 
929777 
831482 
241658 
602107 
569342 
1077247 
847874 
1126403 
962572 
94220 
946190 
929809 
733203 
307221 
94230 
913435 
454683 
847900 
77853 
978975 
897057 
733218 
12324 
1011749 
847911 
389159 
847915 
127019 
995372 
553007 
978998 
1011768 
815160 
241722 
1077312 
1093700 
979015 
553033 
1028170 
864333 
372813 
913486 
454734 
290895 
340048 
307280 
241744 
651346 
340051 
1060954 
651354 
946268 
536670 
913506 
487524 
880743 
241769 
503917 
1142899 
1060979 
1142900 
602229 
290933 
864376 
241788 
1077373 
1077375 
110721 
209026 
995462 
700552 
553097 
913548 
864397 
1159310 
1159311 
913552 
536722 
1093779 
422035 
995476 
831636 
635029 
782486 
536726 
307350 
1110167 
422039 
1110168 
307354 
815259 
536732 
241820 
1028255 
110752 
372901 
1044648 
323753 
733354 
422059 
798892 
749740 
422064 
913585 
241845 
553142 
422070 
1061054 
422082 
1011909 
422087 
307399 
1044681 
667854 
1044688 
1159377 
422097 
798934 
307415 
1159389 
307421 
864481 
684262 
585962 
962795 
274670 
1061109 
241910 
487674 
733436 
45308 
1061121 
913666 
1011971 
372995 
782598 
749833 
913675 
946447 
913680 
913683 
323860 
569622 
897308 
733468 
536861 
438558 
438562 
1093924 
1028388 
1093925 
979239 
45351 
1159471 
1159472 
1028401 
389427 
1093940 
176437 
1077559 
1012023 
864567 
995641 
307513 
880954 
45371 
61756 
1044800 
635200 
373060 
667975 
373063 
45383 
1061196 
209229 
946517 
373078 
438617 
438618 
799069 
1093983 
1061219 
717156 
1077606 
864614 
1077607 
766313 
553322 
782700 
881009 
61809 
913780 
815477 
1094006 
569720 
340345 
61819 
881023 
848255 
373122 
323973 
373140 
651669 
340373 
831896 
323992 
831899 
995743 
962976 
438690 
1044899 
373155 
799146 
1044908 
340396 
1094061 
618927 
373168 
602546 
176563 
1110453 
1110454 
1077687 
668088 
274872 
274873 
733627 
881085 
831936 
651715 
373187 
586185 
618954 
864720 
373200 
29137 
717268 
504278 
1077722 
1028571 
766427 
242141 
684510 
831969 
733665 
1094115 
864739 
831972 
569830 
340455 
1012201 
750057 
373225 
1143274 
995818 
1143275 
1143276 
1143277 
750065 
373238 
307703 
1094138 
242170 
799228 
750076 
995844 
307716 
1012229 
832005 
1094150 
356870 
553479 
619016 
1012233 
1159690 
1159691 
963085 
340496 
1028629 
930327 
553496 
1028633 
61977 
340506 
586267 
94747 
143900 
340509 
94756 
45605 
373293 
897583 
832048 
913969 
1028659 
1028662 
864826 
143942 
1077832 
225868 
1159758 
1159759 
848464 
291411 
406102 
275031 
946776 
373337 
225884 
160352 
455265 
143969 
340578 
160356 
569957 
455269 
225893 
914024 
488040 
750186 
848491 
914028 
586350 
307824 
832113 
340600 
848509 
275069 
1077888 
275072 
340609 
930434 
619143 
488079 
455311 
455312 
848529 
946834 
782996 
1045145 
946841 
799387 
1077916 
1012386 
996002 
455332 
455334 
914091 
225963 
1077932 
340654 
668336 
586417 
225969 
946866 
471732 
275126 
225975 
488124 
324287 
1028800 
766657 
12998 
701127 
357063 
570056 
357064 
914121 
1061579 
914124 
570060 
914125 
1061582 
1077968 
914128 
357072 
340688 
1094355 
307926 
1077979 
275163 
996062 
357088 
357092 
406246 
357095 
275179 
979692 
537324 
668400 
865010 
1045235 
979704 
914174 
848639 
307968 
1045254 
1127178 
799498 
553738 
1127179 
766732 
848655 
1061649 
1061654 
553752 
848665 
766745 
930590 
766751 
291617 
422690 
1028899 
865060 
45865 
422698 
848683 
209713 
308018 
897843 
357173 
324405 
1143606 
324406 
1143607 
1012535 
586551 
127801 
799547 
1143612 
1143613 
635709 
848704 
652096 
1143617 
848706 
1078086 
570183 
783176 
488264 
357192 
176969 
537419 
750421 
766807 
586586 
897883 
619355 
881500 
1012580 
1078118 
1045355 
799596 
750445 
586606 
930673 
1045364 
602996 
963445 
1078134 
963448 
1143673 
1094521 
1078137 
340857 
1160062 
1160063 
766849 
799618 
947098 
209826 
881573 
1143720 
684971 
996269 
865201 
1127349 
1127350 
373691 
897983 
783296 
979905 
816068 
78788 
832454 
406471 
275399 
963528 
685001 
570320 
1078226 
357332 
783319 
603097 
291803 
1143772 
472031 
1127392 
209888 
1127393 
488418 
816103 
1143784 
406505 
1143792 
144368 
1029105 
717813 
488438 
291830 
209910 
488439 
78841 
291835 
422908 
1078271 
1094656 
1143809 
979973 
390150 
930823 
1094668 
209932 
963598 
111630 
1012755 
750611 
963606 
308248 
1078297 
357401 
930842 
357402 
308251 
1045533 
930845 
95262 
1078305 
783393 
980002 
1045539 
242723 
291878 
357415 
767016 
324649 
357419 
341039 
46128 
980017 
848947 
947252 
46133 
242746 
341052 
291900 
799806 
1078336 
1143873 
488514 
783427 
78919 
1078344 
1078345 
980041 
291914 
1143885 
1143886 
422990 
1143887 
1143890 
488530 
291923 
914516 
832598 
914521 
767067 
291936 
980065 
291937 
1160294 
1160295 
898151 
226408 
685161 
291946 
160874 
619627 
898157 
816239 
504944 
226417 
1029235 
865397 
963704 
1045628 
914557 
881790 
357504 
521346 
373891 
46212 
357510 
308359 
1143945 
849033 
1143946 
914571 
865419 
865420 
963726 
849038 
308369 
1143958 
1143962 
472233 
668844 
275632 
783541 
1078458 
1160380 
1143996 
1160381 
718013 
570558 
1078463 
406719 
455872 
652481 
1111234 
1111235 
373962 
1111243 
898253 
865485 
357581 
554190 
636114 
1144021 
898261 
1144022 
865497 
996570 
931034 
1144027 
357599 
750817 
832738 
292070 
1012968 
193776 
914673 
947444 
1078519 
914679 
292087 
767228 
292095 
292098 
161027 
1144075 
275723 
931089 
1078548 
996628 
1078549 
144664 
357659 
226587 
1078557 
1078558 
423199 
1078560 
1045793 
898339 
570665 
881963 
1094957 
292141 
242990 
324913 
570674 
242995 
1045813 
242997 
832822 
1144121 
292154 
1094972 
603452 
423229 
996671 
46399 
1078593 
767297 
1045826 
881987 
46406 
865607 
865608 
1094985 
1078601 
324939 
62796 
1045840 
275800 
865625 
210265 
439642 
210266 
1078620 
1078621 
980317 
767325 
619870 
210270 
341345 
914787 
243047 
1160554 
849258 
1160555 
456047 
1160560 
226672 
1160561 
996721 
554354 
1144184 
161144 
1144187 
1095039 
456065 
849285 
603525 
390534 
1095050 
947597 
1078671 
701842 
1095059 
914837 
292246 
1111447 
1111448 
1111449 
898458 
1144221 
1144222 
1144223 
292259 
243107 
882086 
488871 
406951 
1045931 
341419 
751021 
1013166 
832945 
1062322 
882098 
456114 
685491 
685493 
243126 
554423 
570808 
1078717 
128446 
357823 
341444 
1078731 
439755 
1029581 
325070 
1029583 
898514 
964051 
947667 
996824 
259545 
62938 
95710 
1095136 
1029600 
357856 
1095139 
243175 
669165 
472559 
898548 
210421 
1078780 
1062401 
931331 
603652 
1095173 
1013253 
620037 
128519 
407049 
1078794 
128525 
521742 
816656 
570903 
1078809 
947737 
816668 
669213 
210462 
964127 
1095203 
407090 
95798 
1078842 
980538 
1062459 
816699 
849469 
341565 
980544 
1062465 
947777 
308806 
931403 
947791 
1095248 
374353 
1029716 
865876 
439893 
587351 
538203 
144990 
980576 
1078882 
341603 
112228 
1078885 
783973 
915050 
882287 
1062512 
702064 
915061 
95862 
915064 
1078905 
1029755 
456316 
226940 
210556 
1062525 
947840 
1078918 
1078919 
1095307 
800401 
1062546 
1046162 
472722 
997014 
620182 
1046168 
63131 
1095326 
718497 
1046180 
341668 
865957 
374442 
292524 
685744 
898739 
1095349 
292534 
849592 
1013434 
1095356 
292541 
849600 
652993 
865986 
1046211 
292549 
865994 
423627 
128715 
915149 
997070 
800475 
1062623 
915170 
390883 
997092 
1079013 
30439 
1095400 
980712 
374504 
1046263 
702200 
177913 
947964 
472833 
1046277 
145158 
980743 
292617 
718604 
292620 
472846 
341775 
1046290 
177939 
341782 
423703 
472857 
947994 
390940 
259869 
259872 
1062689 
587553 
653091 
849701 
374565 
128805 
1095462 
948007 
227117 
964403 
472886 
1095480 
472892 
341824 
1062724 
472903 
554826 
472907 
292683 
309070 
259920 
194394 
96092 
718687 
161632 
1079139 
391018 
685934 
1079152 
931704 
571258 
1013627 
784251 
1013629 
391039 
980869 
784262 
620426 
784269 
554897 
325523 
718743 
1062813 
784286 
374686 
358302 
669601 
194475 
456622 
47022 
391087 
1062832 
882610 
948151 
1062841 
702394 
47034 
473020 
1013693 
309181 
325569 
210882 
718787 
817096 
948170 
833482 
849874 
718802 
784341 
473046 
784344 
456665 
1079258 
931806 
817119 
358371 
210918 
1062887 
899049 
686057 
1030126 
129006 
604145 
309233 
129010 
423925 
63477 
554999 
784381 
309247 
1079296 
735232 
735235 
931844 
899076 
1046535 
1062920 
915466 
800779 
374795 
178192 
522257 
1144852 
981012 
784404 
358420 
1144853 
1095702 
178202 
1128481 
981025 
1128482 
210979 
505892 
1095717 
604205 
1128494 
1128496 
981041 
964657 
358453 
866358 
243768 
1030201 
866365 
800829 
718910 
800831 
473151 
718915 
915533 
866384 
669776 
1013846 
800858 
374875 
1046620 
948321 
489569 
653411 
718949 
505960 
669803 
342127 
882800 
833650 
1063027 
538740 
653430 
96374 
768120 
325752 
882809 
407674 
555138 
112770 
718980 
768136 
522376 
964749 
1063056 
751761 
866452 
211096 
997529 
129177 
931994 
63644 
719005 
407709 
1095840 
260257 
915619 
604326 
964782 
637103 
1063089 
522420 
391350 
653495 
555192 
653497 
866490 
866493 
587966 
899263 
1095872 
1095875 
407747 
702662 
915658 
768203 
374988 
227532 
1046738 
1030355 
932051 
47315 
1079509 
538837 
1046742 
948439 
473303 
375002 
1079520 
358625 
1095909 
899301 
604391 
751849 
751851 
1079535 
473327 
932082 
391410 
14579 
375028 
391413 
538873 
1030394 
751866 
375035 
1079549 
1063165 
637184 
178436 
391431 
1095944 
751883 
948492 
407821 
751888 
1046802 
342290 
325906 
1014036 
997654 
1014043 
407841 
915752 
1145132 
227628 
1145133 
391469 
637231 
391472 
899377 
112949 
1014078 
1079615 
96575 
358723 
866632 
522568 
1079628 
555340 
31052 
1014094 
801103 
915793 
391509 
457052 
211295 
522593 
358753 
866660 
932204 
997742 
407918 
964976 
637296 
997745 
981366 
899452 
981374 
1030527 
260481 
1145218 
1145219 
1145224 
1014152 
932234 
915850 
1079692 
883087 
833948 
342428 
14748 
1079718 
260518 
358823 
440751 
342454 
915896 
620985 
1161660 
1161661 
1096126 
883136 
342465 
47556 
588230 
309705 
1046992 
834000 
866779 
555483 
457179 
408027 
719325 
1014242 
555490 
965093 
440808 
1096173 
1079789 
375277 
784880 
1079799 
735735 
391673 
752124 
408063 
883201 
1112578 
1112579 
391686 
981512 
342536 
801291 
1063440 
801298 
506386 
1145364 
1079830 
391705 
113177 
358938 
915998 
604703 
801313 
621089 
506401 
358945 
801314 
47650 
1030691 
703011 
1030695 
358954 
522801 
948787 
358964 
1096245 
490037 
1161783 
1161784 
113209 
358971 
719420 
555580 
473665 
178753 
1096258 
1063491 
604745 
555593 
1030731 
342603 
244300 
817745 
457297 
621139 
604757 
47701 
113240 
916057 
735836 
47708 
342624 
113250 
997989 
752230 
293478 
162406 
47719 
588392 
47720 
801386 
965227 
326254 
1079919 
375407 
1014384 
735856 
588400 
47731 
408190 
342654 
1014399 
47744 
670337 
653954 
473734 
1079945 
113293 
1063566 
1047182 
113295 
719504 
1030802 
604822 
473750 
653975 
1014428 
113308 
768669 
588445 
735904 
604833 
195243 
866990 
916145 
637617 
916149 
1014456 
817851 
1047228 
588478 
1112771 
1112772 
883397 
735947 
555727 
801489 
293589 
1047255 
244440 
719577 
621274 
1080027 
883419 
1047262 
1063650 
883429 
326375 
309992 
1030893 
785133 
1063663 
981750 
572153 
1063675 
735995 
539389 
998153 
1080076 
1080077 
113422 
441115 
981788 
621340 
359196 
47905 
932643 
965412 
441126 
670510 
883503 
916277 
850748 
1080126 
949056 
359237 
965446 
260936 
1080141 
785229 
703309 
457550 
359246 
392015 
359248 
883538 
1063763 
1129303 
1129304 
867165 
359262 
949089 
686946 
949091 
392035 
1047398 
359270 
1080168 
883564 
359277 
1096561 
211830 
359287 
801657 
113530 
293755 
1047421 
949117 
883584 
834432 
1096577 
441222 
867207 
883593 
1014667 
686987 
359308 
654221 
1096591 
228239 
555920 
883601 
949140 
392088 
375704 
1096601 
916377 
1096602 
1080218 
883613 
1096607 
932767 
687008 
621478 
1096616 
392104 
1063851 
768939 
1096621 
965551 
883632 
883633 
441270 
752568 
1096635 
490427 
375740 
1096638 
687038 
359360 
834500 
998341 
949189 
1014727 
457672 
359371 
48077 
1096655 
1047503 
818131 
162771 
162773 
834522 
1096668 
162780 
506848 
228323 
981990 
162790 
1113064 
375784 
277480 
1113065 
162794 
965611 
687083 
375788 
998384 
949234 
1113078 
1113079 
572412 
31740 
474112 
1063937 
1047553 
998403 
900105 
900106 
408591 
261135 
1096724 
506900 
965655 
916504 
867353 
850970 
572457 
1014832 
1096754 
277556 
97332 
425013 
425014 
1080377 
1014841 
293946 
212034 
949318 
752710 
998475 
425040 
900179 
1080404 
539734 
261208 
425049 
785498 
375898 
1096796 
375901 
425054 
1113187 
818275 
982117 
1096810 
293996 
425069 
490606 
425071 
375919 
851056 
375922 
932979 
785525 
1080441 
1080454 
375946 
539787 
539788 
539790 
48275 
539796 
244886 
1047713 
212129 
965799 
916647 
867495 
982184 
638124 
834734 
261298 
933043 
1080500 
834743 
343225 
1047740 
1096901 
539845 
343241 
376015 
408784 
261328 
457938 
343252 
605398 
933080 
359640 
1146074 
1146075 
326875 
376028 
1162465 
1162466 
457954 
1080549 
539878 
81135 
900336 
195824 
654577 
1047796 
490740 
670965 
736504 
359672 
998650 
851195 
376059 
539900 
965885 
1080575 
310528 
1162497 
1162498 
376068 
441605 
802056 
326923 
1096972 
376076 
1080592 
1064209 
1031446 
64790 
294168 
1015071 
261407 
507172 
1096997 
982310 
884009 
605481 
851242 
376108 
64813 
64814 
474417 
1031475 
64819 
998708 
32052 
671033 
916794 
654650 
310589 
687423 
474432 
965954 
982340 
654660 
458052 
834886 
408902 
376134 
507207 
261449 
113993 
949580 
64845 
228687 
916817 
277843 
572758 
64858 
1129824 
245088 
1129825 
916834 
900451 
540009 
294256 
179569 
671090 
359794 
966003 
769396 
884085 
1047927 
179580 
261501 
523649 
671108 
1047942 
294281 
376204 
146828 
884112 
458129 
179602 
998805 
982424 
572824 
671133 
1015200 
1031585 
572836 
179623 
982444 
327085 
523695 
179632 
179633 
179634 
327091 
474550 
753082 
867771 
753083 
327100 
818621 
327101 
327102 
703937 
376257 
327105 
1146306 
1146307 
343491 
966084 
97732 
884166 
638406 
998857 
671177 
310730 
507341 
343504 
1080786 
1080788 
212442 
671199 
343519 
376291 
359907 
277989 
884198 
802279 
654823 
343527 
1080809 
441836 
376300 
1015279 
589296 
1080821 
343542 
425465 
228859 
343550 
310782 
1064448 
998913 
704004 
1064453 
671241 
966158 
425486 
1080847 
458256 
409104 
327186 
474644 
1048085 
474648 
654878 
359966 
310814 
1097248 
458272 
785955 
343590 
1064495 
458287 
769584 
785973 
179769 
1080892 
327230 
458303 
15938 
1048132 
458311 
966217 
392777 
720460 
540238 
720464 
917078 
1048154 
147036 
720481 
720484 
818790 
474729 
48747 
1146476 
753261 
1146478 
769646 
1031804 
720512 
1146499 
1146500 
1097350 
212620 
1064590 
786065 
1162903 
1162904 
900761 
114330 
949917 
1080993 
294564 
1080999 
409256 
1162923 
1081003 
1162924 
245422 
900790 
229046 
818874 
1081021 
736957 
392893 
278206 
884415 
769727 
48831 
1081025 
343746 
1048259 
720580 
720585 
458442 
736975 
343762 
458452 
966357 
605910 
278233 
720608 
1081058 
360163 
1015524 
524004 
278246 
1113840 
1113841 
1031929 
1064702 
704254 
327429 
999174 
573191 
1048328 
573196 
1081104 
442128 
442130 
278290 
1048339 
278291 
851733 
278294 
622362 
999203 
278316 
98093 
622382 
1081135 
999215 
950063 
950066 
966451 
1031989 
311095 
704313 
524091 
950077 
376638 
294719 
900929 
786241 
1015624 
1081162 
261962 
212810 
180043 
1032013 
147277 
294735 
950097 
720723 
884573 
1081183 
261985 
769890 
261987 
442215 
638830 
1146736 
1015664 
884595 
900980 
507766 
1081209 
868220 
982911 
966527 
262016 
1146753 
1146754 
671619 
1048454 
1146759 
1032072 
262026 
982923 
524172 
1114001 
1114002 
442259 
425875 
442264 
262041 
360346 
1081244 
343966 
982943 
1081249 
753569 
950180 
147372 
475055 
262063 
360368 
999345 
1048501 
475063 
982968 
901048 
229304 
114616 
475068 
1015742 
737214 
982975 
1163200 
1163201 
1064899 
769987 
360387 
475077 
147399 
114631 
294857 
475083 
655317 
851934 
491486 
262110 
360428 
1081326 
983024 
344048 
1064947 
114683 
655357 
1064959 
425983 
)

// ************************************************************************* //
